#DataThief /Users/salvesen/research/fcolspin/data/LMCX1/aCF_LMCX1.png Wednesday 20-Apr-2016 8:42:19 PM
0.5715, 4.0766
0.572, 4.0748
0.5725, 4.073
0.5731, 4.0712
0.5735, 5.0897
0.5742, 5.0879
0.5747, 5.0861
0.5752, 5.0843
0.5758, 5.0825
0.5763, 5.0806
0.5768, 5.0788
0.5774, 6.0974
0.5779, 6.0956
0.5784, 6.0937
0.579, 6.0919
0.5795, 6.0901
0.58, 6.0883
0.5806, 7.1069
0.5811, 7.105
0.5817, 7.1032
0.5822, 7.1014
0.5827, 7.0996
0.5833, 7.0977
0.5838, 7.0959
0.5843, 7.0941
0.5849, 7.0923
0.5854, 7.0904
0.5859, 7.0886
0.5865, 7.0868
0.587, 7.085
0.5876, 7.0832
0.588, 7.0813
0.5886, 7.0795
0.5892, 7.0777
0.5897, 7.0759
0.5901, 7.074
0.5908, 7.0722
0.5913, 7.0704
0.5918, 7.0686
0.5924, 7.0667
0.5929, 7.0649
0.5935, 7.0631
0.5939, 7.0613
0.5945, 7.0594
0.5951, 7.0576
0.5956, 7.0558
0.596, 7.054
0.5967, 7.0521
0.5972, 7.0503
0.5977, 7.0485
0.5983, 7.0467
0.5988, 7.0449
0.5993, 7.043
0.5998, 7.0412
0.6004, 7.0394
0.601, 7.0376
0.6015, 7.0357
0.6019, 7.0339
0.6026, 7.0321
0.6031, 7.0303
0.6036, 7.0284
0.6042, 7.0266
0.6047, 7.0248
0.6052, 7.023
0.6058, 7.0211
0.6063, 8.0397
0.6069, 8.0379
0.6074, 8.0361
0.6078, 8.0343
0.6085, 8.0324
0.609, 8.0306
0.6095, 8.0288
0.6101, 8.027
0.6106, 8.0251
0.6111, 8.0233
0.6117, 8.0215
0.6122, 8.0197
0.6128, 8.0178
0.6133, 8.016
0.6138, 8.0142
0.6143, 8.0124
0.6149, 8.0105
0.6154, 8.0087
0.616, 8.0069
0.6165, 8.0051
0.617, 8.0033
0.6176, 8.0014
0.6181, 7.9996
0.6187, 7.9978
0.6192, 7.996
0.6197, 7.9941
0.6202, 7.9923
0.6208, 7.9905
0.6213, 7.9887
0.6219, 7.9868
0.6223, 7.9849
0.6229, 7.9832
0.6235, 7.9814
0.624, 7.9795
0.6246, 7.9777
0.6251, 7.9759
0.6256, 7.9741
0.6261, 7.9722
0.6267, 8.9908
0.6272, 8.9889
0.6278, 8.9872
0.6282, 8.9854
0.6288, 8.9835
0.6294, 8.9817
0.6299, 8.9799
0.6303, 8.9781
0.631, 8.9762
0.6315, 8.9744
0.632, 8.9726
0.6326, 8.9708
0.6331, 8.9689
0.6337, 8.967
0.6341, 8.9653
0.6347, 8.9635
0.6353, 8.9617
0.6358, 8.9598
0.6362, 8.958
0.6369, 7.9358
0.6374, 7.934
0.638, 7.9321
0.6385, 7.9303
0.639, 7.9285
0.6396, 7.9266
0.6396, 6.9062
0.6401, 6.9043
0.6406, 6.9026
0.6412, 7.9212
0.6417, 7.9194
0.6417, 8.9398
0.6421, 8.9379
0.6428, 9.9565
0.6433, 9.9546
0.6439, 10.9733
0.6444, 10.9715
0.6449, 10.9697
0.6455, 10.9678
0.646, 10.966
0.6465, 10.9642
0.6471, 10.9624
0.6476, 10.9605
0.6481, 9.9383
0.6487, 9.9365
0.6492, 9.9346
0.6497, 9.9327
0.6503, 9.931
0.6508, 9.9292
0.6514, 9.9274
0.6519, 9.9255
0.6524, 10.9441
0.653, 10.9423
0.6535, 10.9405
0.654, 10.9386
0.6545, 10.9367
0.6551, 10.935
0.6556, 10.9332
0.6562, 10.9314
0.6566, 10.9295
0.6573, 10.9277
0.6578, 10.9259
0.6583, 10.9241
0.6589, 10.9222
0.6594, 10.9203
0.6599, 10.9186
0.6604, 10.9167
0.661, 10.9149
0.6615, 10.9131
0.6621, 10.9113
0.6625, 10.9095
0.6632, 10.9076
0.6637, 10.9058
0.6642, 10.904
0.6648, 10.9022
0.6653, 10.9003
0.6658, 10.8984
0.6663, 10.8967
0.6669, 10.8949
0.6674, 10.8931
0.668, 10.8912
0.668, 11.9116
0.668, 12.9321
0.668, 13.9525
0.668, 14.9729
0.668, 15.9933
0.668, 17.0137
0.668, 18.0341
0.668, 19.0545
0.668, 20.0749
0.668, 21.0953
0.668, 22.1158
0.6684, 22.1139
0.669, 22.1121
0.6696, 22.1103
0.6701, 22.1085
0.6705, 22.1066
0.6712, 22.1048
0.6717, 22.103
0.6723, 22.1012
0.6728, 22.0993
0.6733, 22.0975
0.6739, 22.0957
0.6743, 22.0939
0.6749, 22.092
0.6755, 22.0902
0.676, 22.0884
0.6764, 22.0866
0.6771, 22.0848
0.6776, 22.0829
0.6782, 22.0811
0.6787, 22.0793
0.6792, 22.0775
0.6798, 22.0756
0.6803, 22.0738
0.6808, 22.072
0.6814, 22.0702
0.6814, 21.0497
0.6814, 20.0293
0.6814, 19.0089
0.6819, 17.9867
0.6819, 16.9663
0.6819, 15.9459
0.6825, 15.944
0.683, 15.9422
0.6835, 15.9404
0.6841, 15.9386
0.6846, 15.9367
0.6851, 15.9348
0.6857, 15.9331
0.6862, 15.9313
0.6867, 15.9295
0.6873, 15.9276
0.6878, 15.9258
0.6883, 15.924
0.6888, 16.9426
0.6894, 16.9407
0.69, 16.9388
0.6905, 16.9371
0.6909, 16.9353
0.6916, 16.9335
0.6921, 16.9316
0.6926, 16.9298
0.6932, 16.928
0.6937, 16.9262
0.6942, 16.9243
0.6947, 16.9224
0.6953, 16.9207
0.6959, 16.9189
0.6964, 16.917
0.6968, 16.9152
0.6975, 16.9134
0.698, 16.9116
0.6985, 16.9097
0.6991, 16.9079
0.6996, 16.9061
0.7001, 16.9043
0.7006, 16.9024
0.7012, 16.9005
0.7018, 16.8988
0.7023, 16.897
0.7027, 16.8952
0.7034, 16.8933
0.7039, 16.8915
0.7044, 16.8897
0.705, 16.8879
0.7055, 16.886
0.706, 16.8841
0.7066, 16.8824
0.7071, 16.8806
0.7077, 16.8787
0.7082, 16.8769
0.7086, 16.8751
0.7093, 16.8733
0.7098, 16.8714
0.7103, 16.8696
0.7109, 16.8678
0.7109, 17.8881
0.7114, 18.9068
0.7114, 19.9272
0.7119, 19.9254
0.7125, 19.9236
0.713, 19.9217
0.7135, 19.9199
0.7141, 19.9181
0.7146, 19.9163
0.7151, 19.9144
0.7157, 19.9125
0.7162, 19.9108
0.7168, 19.909
0.7173, 19.9071
0.7178, 19.9053
0.7184, 19.9035
0.7189, 19.9017
0.7194, 19.8998
0.72, 19.898
0.7205, 19.8961
0.721, 19.8944
0.7216, 19.8925
0.7221, 19.8907
0.7227, 19.8889
0.7231, 19.8871
0.7237, 20.9057
0.7243, 20.9038
0.7248, 20.902
0.7252, 20.9002
0.7259, 21.9188
0.7259, 22.9392
0.7259, 23.9596
0.7259, 24.98
0.7259, 26.0004
0.7259, 27.0208
0.7259, 28.0413
0.7259, 29.0617
0.7264, 30.0803
0.7264, 31.1007
0.7264, 32.1211
0.7264, 33.1415
0.7264, 34.1619
0.7264, 35.1823
0.7264, 36.2027
0.7264, 37.2231
0.7269, 37.2213
0.7275, 37.2195
0.728, 37.2177
0.7285, 37.2158
0.729, 37.214
0.7296, 37.2122
0.7302, 37.2104
0.7307, 37.2085
0.7311, 37.2067
0.7318, 37.2049
0.7323, 37.2031
0.7328, 37.2012
0.7334, 36.179
0.7339, 36.1772
0.7344, 36.1754
0.7349, 36.1735
0.7355, 36.1717
0.7361, 36.1699
0.7366, 36.1681
0.737, 36.1662
0.7377, 36.1644
0.7382, 36.1626
0.7387, 36.1608
0.7393, 36.159
0.7398, 36.1571
0.7398, 37.1775
0.7398, 38.198
0.7398, 39.2184
0.7398, 40.2388
0.7403, 41.2574
0.7403, 42.2778
0.7403, 43.2982
0.7403, 44.3186
0.7403, 45.339
0.7409, 45.3372
0.7414, 45.3354
0.7419, 45.3335
0.7425, 45.3317
0.7429, 45.3299
0.7435, 45.3281
0.7441, 45.3262
0.7446, 45.3244
0.7452, 45.3226
0.7457, 45.3208
0.7462, 45.3189
0.7468, 45.3171
0.7473, 44.2949
0.7478, 44.2931
0.7484, 44.2912
0.7489, 44.2894
0.7494, 44.2876
0.75, 44.2858
0.7505, 44.2839
0.7511, 44.2821
0.7516, 44.2803
0.7521, 44.2785
0.7527, 44.2766
0.7532, 44.2748
0.7537, 44.273
0.7543, 45.2916
0.7548, 45.2898
0.7548, 46.3102
0.7548, 47.3306
0.7548, 48.351
0.7548, 49.3714
0.7548, 50.3918
0.7548, 51.4122
0.7548, 52.4325
0.7548, 53.4531
0.7548, 54.4735
0.7548, 55.4939
0.7548, 56.5143
0.7553, 56.5125
0.7559, 56.5106
0.7564, 56.5088
0.7569, 56.507
0.7574, 56.5051
0.758, 56.5032
0.7586, 56.5015
0.7591, 56.4997
0.7596, 56.4979
0.7602, 56.4961
0.7607, 56.4942
0.7612, 56.4924
0.7618, 56.4906
0.7623, 55.4683
0.7628, 55.4665
0.7633, 55.4647
0.7639, 55.4628
0.7645, 55.4611
0.765, 55.4592
0.7654, 55.4574
0.7661, 55.4556
0.7666, 55.4538
0.7671, 55.4519
0.7677, 55.4501
0.7682, 55.4483
0.7687, 55.4465
0.7692, 55.4445
0.7698, 55.4428
0.7704, 54.4205
0.7709, 54.4188
0.7709, 53.3982
0.7713, 53.3965
0.772, 52.3743
0.7725, 52.3725
0.773, 51.3502
0.7736, 51.3484
0.7741, 51.3466
0.7746, 51.3448
0.7752, 51.3429
0.7757, 51.3411
0.7763, 51.3393
0.7768, 51.3375
0.7772, 51.3356
0.7779, 51.3338
0.7784, 51.332
0.7789, 51.3302
0.7795, 51.3283
0.78, 51.3265
0.7805, 51.3247
0.7811, 51.3229
0.7816, 51.321
0.7821, 51.3192
0.7827, 51.3174
0.7832, 51.3155
0.7832, 52.336
0.7832, 53.3564
0.7832, 54.3768
0.7832, 55.3972
0.7832, 56.4176
0.7832, 57.438
0.7832, 58.4585
0.7832, 59.4788
0.7832, 60.4993
0.7832, 61.5197
0.7832, 62.5401
0.7832, 63.5605
0.7832, 64.5809
0.7832, 65.6013
0.7832, 66.6217
0.7832, 67.6421
0.7832, 68.6625
0.7832, 69.683
0.7832, 70.7034
0.7832, 71.7238
0.7832, 72.7442
0.7837, 73.7628
0.7837, 74.7832
0.7837, 75.8035
0.7837, 76.8239
0.7837, 77.8444
0.7837, 78.8649
0.7837, 79.8853
0.7837, 80.9057
0.7837, 81.9261
0.7837, 82.9465
0.7837, 83.9668
0.7837, 84.9872
0.7837, 86.0077
0.7837, 87.0282
0.7837, 88.0486
0.7837, 89.069
0.7837, 90.0894
0.7837, 91.1098
0.7837, 92.1302
0.7837, 93.1506
0.7837, 94.171
0.7843, 94.1692
0.7848, 94.1674
0.7852, 94.1656
0.7859, 94.1637
0.7864, 94.1619
0.7869, 94.1601
0.7875, 94.1583
0.788, 94.1564
0.7885, 94.1546
0.7891, 94.1528
0.7896, 94.151
0.7902, 94.1491
0.7907, 94.1473
0.7912, 94.1455
0.7917, 94.1437
0.7923, 94.1419
0.7928, 94.14
0.7934, 94.1381
0.7939, 94.1364
0.7944, 94.1346
0.795, 94.1327
0.7955, 94.1309
0.796, 94.1291
0.7966, 94.1273
0.7971, 94.1254
0.7976, 94.1236
0.7982, 94.1218
0.7987, 94.12
0.7993, 94.1181
0.7997, 94.1163
0.8003, 94.1145
0.8009, 94.1127
0.8014, 94.1108
0.8018, 94.109
0.8025, 94.1072
0.803, 94.1054
0.8035, 94.1036
0.8041, 94.1017
0.8046, 94.0999
0.8052, 93.0777
0.8056, 93.0758
0.8062, 93.074
0.8068, 93.0722
0.8073, 93.0704
0.8077, 93.0685
0.8084, 93.0667
0.8089, 93.0649
0.8094, 93.0631
0.81, 93.0613
0.8105, 93.0594
0.8111, 93.0576
0.8115, 93.0558
0.8115, 94.0762
0.8115, 95.0966
0.8115, 96.117
0.8115, 97.1374
0.8115, 98.1578
0.8115, 99.1783
0.8115, 100.1987
0.8115, 101.2191
0.8115, 102.2395
0.8115, 103.2599
0.8115, 104.2803
0.8115, 105.3007
0.8115, 106.3211
0.8115, 107.3415
0.8115, 108.362
0.8115, 109.3824
0.8115, 110.4028
0.8115, 111.4232
0.8115, 112.4436
0.8115, 113.464
0.8121, 114.4826
0.8121, 115.503
0.8121, 116.5234
0.8121, 117.5438
0.8121, 118.5642
0.8121, 119.5847
0.8121, 120.6051
0.8121, 121.6255
0.8121, 122.6459
0.8121, 123.6663
0.8121, 124.6867
0.8121, 125.7071
0.8121, 126.7275
0.8121, 127.7479
0.8121, 128.7684
0.8121, 129.7888
0.8121, 130.8092
0.8121, 131.8296
0.8121, 132.85
0.8121, 133.8704
0.8121, 134.8908
0.8126, 134.889
0.8132, 134.8872
0.8136, 134.8854
0.8142, 134.8835
0.8148, 134.8817
0.8153, 134.8799
0.8157, 134.878
0.8164, 134.8761
0.8169, 134.8744
0.8175, 134.8726
0.818, 134.8708
0.8185, 134.8689
0.8191, 134.8671
0.8195, 135.8857
0.8201, 135.8839
0.8207, 135.882
0.8212, 135.8801
0.8216, 135.8784
0.8223, 135.8766
0.8228, 135.8748
0.8234, 135.8729
0.8239, 135.8711
0.8244, 135.8693
0.825, 135.8675
0.8255, 135.8656
0.826, 135.8638
0.8266, 135.862
0.8266, 136.8824
0.8266, 137.9028
0.8266, 138.9232
0.8266, 139.9436
0.8266, 140.9641
0.8266, 141.9845
0.8266, 143.0049
0.8266, 144.0253
0.8266, 145.0457
0.8266, 146.0661
0.8266, 147.0865
0.8266, 148.1069
0.8266, 149.1273
0.8266, 150.1478
0.8266, 151.1682
0.8266, 152.1886
0.8266, 153.209
0.8266, 154.2294
0.8266, 155.2498
0.8271, 156.2684
0.8271, 157.2888
0.8271, 158.3092
0.8271, 159.3296
0.8271, 160.3501
0.8271, 161.3705
0.8271, 162.3909
0.8271, 163.4113
0.8271, 164.4317
0.8271, 165.4521
0.8271, 166.4725
0.8271, 167.4929
0.8271, 168.5133
0.8271, 169.5338
0.8271, 170.5542
0.8271, 171.5746
0.8271, 172.595
0.8271, 173.6154
0.8271, 174.6358
0.8271, 175.6562
0.8276, 175.6543
0.8281, 175.6526
0.8287, 175.6508
0.8292, 175.6489
0.8298, 175.6471
0.8303, 175.6453
0.8308, 175.6435
0.8314, 175.6416
0.8319, 175.6398
0.8324, 175.638
0.833, 175.6362
0.8335, 175.6343
0.834, 174.612
0.8346, 174.6103
0.8351, 174.6085
0.8357, 174.6066
0.8362, 174.6048
0.8367, 174.603
0.8373, 174.6012
0.8378, 174.5993
0.8383, 174.5975
0.8389, 174.5957
0.8394, 174.5939
0.8399, 174.592
0.8405, 174.5901
0.841, 174.5884
0.841, 175.6088
0.8415, 176.6274
0.8415, 177.6478
0.8415, 178.6682
0.8415, 179.6886
0.8415, 180.709
0.8415, 181.7294
0.8415, 182.7499
0.8415, 183.7703
0.8415, 184.7907
0.8415, 185.8111
0.8415, 186.8315
0.8415, 187.8519
0.8415, 188.8723
0.8415, 189.8927
0.8415, 190.9132
0.8415, 191.9336
0.8415, 192.954
0.8415, 193.9744
0.8415, 194.9948
0.8415, 196.0152
0.8415, 197.0356
0.8415, 198.056
0.8415, 199.0764
0.8415, 200.0969
0.8415, 201.1173
0.8415, 202.1377
0.8415, 203.1581
0.8415, 204.1785
0.8415, 205.1989
0.8415, 206.2193
0.8415, 207.2397
0.8415, 208.2601
0.8415, 209.2806
0.8415, 210.301
0.8415, 211.3214
0.8415, 212.3418
0.8415, 213.3622
0.8415, 214.3826
0.8415, 215.403
0.8415, 216.4234
0.8415, 217.4439
0.8415, 218.4643
0.8415, 219.4847
0.8415, 220.5051
0.8415, 221.5255
0.8415, 222.5459
0.8415, 223.5663
0.8415, 224.5867
0.8415, 225.6071
0.8415, 226.6276
0.8415, 227.648
0.842, 227.6461
0.8426, 227.6442
0.8431, 227.6425
0.8436, 227.6407
0.8441, 227.6388
0.8447, 227.637
0.8453, 227.6352
0.8458, 227.6334
0.8463, 227.6316
0.8469, 227.6297
0.8474, 227.6279
0.8479, 227.6261
0.8485, 227.6242
0.849, 226.6019
0.8495, 226.6002
0.85, 226.5984
0.8506, 226.5966
0.8512, 226.5947
0.8517, 226.5929
0.8521, 226.5911
0.8528, 226.5893
0.8533, 226.5874
0.8538, 226.5856
0.8544, 226.5838
0.8549, 226.5819
0.8554, 226.58
0.8559, 226.5783
0.8559, 227.5987
0.8559, 228.6191
0.8559, 229.6395
0.8559, 230.66
0.8559, 231.6804
0.8559, 232.7008
0.8559, 233.7212
0.8559, 234.7416
0.8559, 235.762
0.8559, 236.7824
0.8559, 237.8028
0.8559, 238.8233
0.8559, 239.8437
0.8559, 240.8641
0.8559, 241.8845
0.8559, 242.9049
0.8559, 243.9253
0.8559, 244.9457
0.8559, 245.9661
0.8559, 246.9865
0.8559, 248.007
0.8559, 249.0274
0.8559, 250.0478
0.8559, 251.0682
0.8559, 252.0886
0.8559, 253.109
0.8559, 254.1294
0.8559, 255.1498
0.8559, 256.1702
0.8559, 257.1907
0.8559, 258.2111
0.8559, 259.2315
0.8559, 260.2519
0.8559, 261.2723
0.8559, 262.2927
0.8559, 263.3131
0.8559, 264.3335
0.8559, 265.3538
0.8559, 266.3744
0.8559, 267.3948
0.8559, 268.4152
0.8559, 269.4356
0.8559, 270.456
0.8559, 271.4764
0.8559, 272.4968
0.8559, 273.5171
0.8559, 274.5377
0.8559, 275.5581
0.8559, 276.5785
0.8559, 277.5989
0.8559, 278.6193
0.8559, 279.6397
0.8559, 280.6601
0.8559, 281.6804
0.8559, 282.7008
0.8559, 283.7214
0.8559, 284.7418
0.8559, 285.7622
0.8559, 286.7826
0.8559, 287.803
0.8559, 288.8234
0.8565, 288.8216
0.857, 288.8197
0.8575, 288.8178
0.858, 288.8161
0.8586, 288.8143
0.8591, 288.8125
0.8597, 288.8106
0.8601, 288.8088
0.8607, 288.807
0.8613, 288.8052
0.8618, 288.8034
0.8624, 288.8014
0.8629, 289.8201
0.8634, 289.8183
0.8639, 289.8165
0.8645, 289.8146
0.865, 289.8128
0.8656, 289.811
0.866, 289.8092
0.8666, 289.8073
0.8672, 289.8054
0.8677, 289.8037
0.8681, 289.8018
0.8688, 289.8001
0.8693, 289.7982
0.8699, 289.7964
0.8699, 290.8168
0.8699, 291.8372
0.8699, 292.8576
0.8699, 293.878
0.8699, 294.8984
0.8699, 295.9189
0.8698, 296.9393
0.8698, 297.9597
0.8698, 298.9801
0.8698, 300.0005
0.8698, 301.0209
0.8698, 302.0413
0.8698, 303.0618
0.8698, 304.0822
0.8698, 305.1026
0.8698, 306.123
0.8698, 307.1434
0.8698, 308.1638
0.8698, 309.1842
0.8698, 310.2046
0.8698, 311.225
0.8698, 312.2455
0.8698, 313.2659
0.8698, 314.2863
0.8698, 315.3067
0.8698, 316.3271
0.8698, 317.3475
0.8698, 318.3679
0.8698, 319.3883
0.8698, 320.4088
0.8698, 321.4292
0.8698, 322.4496
0.8698, 323.47
0.8698, 324.4904
0.8698, 325.5108
0.8698, 326.5312
0.8698, 327.5516
0.8698, 328.572
0.8698, 329.5925
0.8698, 330.6129
0.8698, 331.6333
0.8698, 332.6537
0.8698, 333.6741
0.8698, 334.6945
0.8698, 335.7149
0.8698, 336.7353
0.8698, 337.7557
0.8698, 338.7762
0.8698, 339.7966
0.8698, 340.817
0.8698, 341.8374
0.8698, 342.8578
0.8698, 343.8782
0.8698, 344.8986
0.8698, 345.919
0.8702, 346.9376
0.8702, 347.958
0.8702, 348.9784
0.8702, 349.9989
0.8702, 351.0193
0.8702, 352.0397
0.8702, 353.0601
0.8702, 354.0805
0.8702, 355.1009
0.8702, 356.1213
0.8702, 357.1417
0.8702, 358.1622
0.8702, 359.1826
0.8702, 360.203
0.8702, 361.2234
0.8702, 362.2438
0.8702, 363.2642
0.8702, 364.2846
0.8702, 365.305
0.8702, 366.3254
0.8702, 367.3458
0.8702, 368.3663
0.8702, 369.3867
0.8702, 370.4071
0.8702, 371.4275
0.8702, 372.4479
0.8702, 373.4683
0.8702, 374.4887
0.8702, 375.5091
0.8702, 376.5295
0.8702, 377.55
0.8702, 378.5704
0.8702, 379.5908
0.8702, 380.6112
0.8702, 381.6316
0.8702, 382.652
0.8702, 383.6724
0.8702, 384.6928
0.8702, 385.7133
0.8702, 386.7337
0.8702, 387.7541
0.8702, 388.7745
0.8702, 389.7949
0.8702, 390.8153
0.8702, 391.8357
0.8702, 392.8561
0.8702, 393.8766
0.8702, 394.897
0.8702, 395.9174
0.8702, 396.9378
0.8702, 397.9582
0.8702, 398.9786
0.8702, 399.999
0.8702, 401.0194
0.8702, 402.0398
0.8702, 403.0603
0.8708, 403.0584
0.8714, 403.0566
0.8719, 403.0548
0.8723, 403.053
0.873, 403.0511
0.8735, 403.0493
0.874, 403.0475
0.8746, 403.0457
0.8751, 403.0438
0.8756, 403.042
0.8761, 403.0402
0.8767, 403.0384
0.8773, 403.0365
0.8778, 403.0347
0.8782, 403.0329
0.8789, 403.0311
0.8794, 403.0293
0.8799, 403.0274
0.8805, 403.0256
0.881, 403.0238
0.8815, 403.022
0.882, 403.0201
0.8826, 403.0183
0.8832, 403.0165
0.8837, 403.0147
0.8837, 404.0351
0.8837, 405.0555
0.8837, 406.0759
0.8837, 407.0963
0.8837, 408.1167
0.8837, 409.1371
0.8837, 410.1575
0.8837, 411.178
0.8837, 412.1984
0.8837, 413.2187
0.8837, 414.2392
0.8837, 415.2596
0.8837, 416.28
0.8837, 417.3004
0.8837, 418.3208
0.8837, 419.3412
0.8837, 420.3617
0.8837, 421.382
0.8837, 422.4025
0.8837, 423.4229
0.8837, 424.4433
0.8837, 425.4637
0.8837, 426.4841
0.8837, 427.5045
0.8837, 428.5249
0.8837, 429.5453
0.8841, 430.5638
0.8841, 431.5844
0.8841, 432.6048
0.8841, 433.6252
0.8841, 434.6456
0.8841, 435.666
0.8841, 436.6864
0.8841, 437.7067
0.8841, 438.7271
0.8841, 439.7477
0.8841, 440.7681
0.8841, 441.7885
0.8841, 442.8089
0.8841, 443.8293
0.8841, 444.8497
0.8841, 445.87
0.8841, 446.8904
0.8841, 447.9109
0.8841, 448.9314
0.8841, 449.9518
0.8841, 450.9722
0.8841, 451.9926
0.8841, 453.013
0.8841, 454.0334
0.8841, 455.0538
0.8841, 456.0742
0.8841, 457.0946
0.8847, 457.0928
0.8852, 457.091
0.8858, 457.0892
0.8862, 457.0874
0.8869, 457.0855
0.8874, 457.0836
0.8879, 457.0819
0.8885, 457.0801
0.889, 457.0782
0.8895, 457.0764
0.8901, 457.0746
0.8906, 457.0728
0.8911, 457.0709
0.8917, 457.0691
0.8921, 458.0877
0.8928, 458.0859
0.8933, 458.0841
0.8938, 458.0822
0.8944, 458.0804
0.8949, 458.0786
0.8954, 458.0768
0.896, 458.0749
0.8965, 458.0731
0.897, 458.0713
0.8976, 458.0695
0.8981, 458.0676
0.8986, 458.0658
0.8992, 458.064
0.8992, 459.0844
0.8992, 460.1048
0.8992, 461.1252
0.8992, 462.1456
0.8992, 463.1661
0.8992, 464.1865
0.8992, 465.2069
0.8992, 466.2273
0.8992, 467.2477
0.8992, 468.2681
0.8992, 469.2885
0.8992, 470.3089
0.8992, 471.3293
0.8992, 472.3498
0.8992, 473.3702
0.8992, 474.3906
0.8992, 475.411
0.8992, 476.4314
0.8992, 477.4518
0.8992, 478.4722
0.8992, 479.4926
0.8992, 480.513
0.8992, 481.5335
0.8992, 482.5539
0.8992, 483.5743
0.8992, 484.5947
0.8992, 485.6151
0.8992, 486.6355
0.8992, 487.6559
0.8992, 488.6763
0.8992, 489.6966
0.8992, 490.7172
0.8992, 491.7376
0.8992, 492.758
0.8992, 493.7784
0.8992, 494.7988
0.8991, 495.8192
0.8991, 496.8396
0.8991, 497.8599
0.8991, 498.8805
0.8991, 499.9009
0.8991, 500.9213
0.8991, 501.9417
0.8991, 502.9621
0.8991, 503.9825
0.8991, 505.0029
0.8991, 506.0233
0.8991, 507.0437
0.8991, 508.0642
0.8991, 509.0846
0.8991, 510.105
0.8991, 511.1254
0.8991, 512.1458
0.8991, 513.1662
0.8991, 514.1865
0.8991, 515.207
0.8991, 516.2274
0.8991, 517.2479
0.8991, 518.2683
0.8991, 519.2887
0.8991, 520.3091
0.8991, 521.3295
0.8991, 522.3498
0.8991, 523.3703
0.8991, 524.3907
0.8991, 525.4112
0.8991, 526.4316
0.8991, 527.452
0.8991, 528.4724
0.8991, 529.4928
0.8991, 530.5131
0.8986, 531.5354
0.8986, 532.5558
0.8986, 533.5763
0.8986, 534.5967
0.8986, 535.6171
0.8986, 536.6375
0.8986, 537.6579
0.8986, 538.6783
0.8986, 539.6987
0.8986, 540.7191
0.8986, 541.7396
0.8986, 542.76
0.8986, 543.7804
0.8986, 544.8008
0.8986, 545.8212
0.8986, 546.8416
0.8986, 547.862
0.8986, 548.8824
0.8986, 549.9029
0.8986, 550.9233
0.8986, 551.9437
0.8986, 552.9641
0.8986, 553.9845
0.8986, 555.0049
0.8986, 556.0253
0.8986, 557.0457
0.8986, 558.0661
0.8986, 559.0866
0.8986, 560.107
0.8986, 561.1274
0.8986, 562.1478
0.8984, 563.1682
0.8984, 564.1886
0.8984, 565.209
0.8984, 566.2294
0.8984, 567.2498
0.8984, 568.2703
0.8984, 569.2907
0.8984, 570.3111
0.8984, 571.3315
0.8984, 572.3519
0.8984, 573.3723
0.8984, 574.3927
0.8984, 575.4131
0.8984, 576.4335
0.8984, 577.454
0.8984, 578.4744
0.8984, 579.4948
0.8984, 580.5152
0.8984, 581.5356
0.8984, 582.556
0.8984, 583.5764
0.8984, 584.5968
0.8984, 585.6173
0.8984, 586.6377
0.8984, 587.6581
0.8984, 588.6785
0.8984, 589.6989
0.8984, 590.7193
0.8984, 591.7397
0.8984, 592.7601
0.8984, 593.7805
0.8984, 594.801
0.8984, 595.8214
0.8984, 596.8418
0.8984, 597.8622
0.8984, 598.8826
0.8984, 599.903
0.8984, 600.9234
0.8984, 601.9438
0.8984, 602.9642
0.8984, 603.9847
0.899, 602.9624
0.8996, 601.9402
0.9001, 601.9384
0.9007, 601.9365
0.9012, 601.9346
0.9017, 601.9329
0.9022, 601.9311
0.9028, 601.9292
0.9033, 601.9274
0.9039, 601.9256
0.9043, 601.9238
0.9049, 601.922
0.9055, 601.9201
0.906, 601.9183
0.9066, 601.9165
0.9071, 601.9146
0.9076, 601.9127
0.9082, 601.911
0.9087, 601.9092
0.9092, 601.9074
0.9098, 601.9055
0.9102, 601.9037
0.9108, 601.9019
0.9114, 601.9001
0.9119, 601.8982
0.9125, 601.8963
0.913, 601.8946
0.9135, 601.8928
0.9141, 601.8909
0.9141, 602.9114
0.9146, 603.9299
0.9151, 603.9281
0.9157, 603.9263
0.9162, 603.9245
0.9167, 603.9226
0.9173, 603.9207
0.9178, 603.919
0.9183, 603.9172
0.9189, 603.9154
0.9194, 603.9135
0.92, 603.9117
0.9205, 603.9099
0.921, 603.9081
0.9216, 604.9266
0.9221, 604.9247
0.9226, 604.923
0.9232, 604.9212
0.9237, 604.9194
0.9242, 604.9175
0.9247, 604.9157
0.9253, 604.9139
0.9259, 604.9121
0.9264, 604.9102
0.9268, 604.9083
0.9275, 604.9066
0.928, 604.9048
0.928, 605.9252
0.928, 606.9456
0.928, 607.966
0.928, 608.9864
0.928, 610.0068
0.928, 611.0272
0.928, 612.0476
0.928, 613.0681
0.928, 614.0885
0.928, 615.1089
0.928, 616.1293
0.928, 617.1497
0.928, 618.1701
0.928, 619.1905
0.928, 620.2109
0.928, 621.2313
0.928, 622.2518
0.928, 623.2722
0.928, 624.2926
0.928, 625.313
0.928, 626.3334
0.928, 627.3538
0.928, 628.3742
0.928, 629.3946
0.928, 630.415
0.928, 631.4355
0.928, 632.4559
0.928, 633.4763
0.928, 634.4967
0.928, 635.5171
0.928, 636.5375
0.928, 637.5579
0.928, 638.5783
0.928, 639.5988
0.928, 640.6192
0.928, 641.6396
0.928, 642.66
0.928, 643.6804
0.928, 644.7008
0.928, 645.7212
0.928, 646.7416
0.928, 647.762
0.928, 648.7825
0.928, 649.8029
0.928, 650.8233
0.928, 651.8437
0.928, 652.8641
0.928, 653.8845
0.928, 654.9049
0.928, 655.9253
0.928, 656.9457
0.9279, 657.9662
0.9279, 658.9866
0.9279, 660.007
0.9279, 661.0274
0.9279, 662.0478
0.9279, 663.0682
0.9279, 664.0886
0.9279, 665.109
0.9279, 666.1295
0.9279, 667.1499
0.9279, 668.1703
0.9279, 669.1907
0.9279, 670.2111
0.9279, 671.2315
0.9279, 672.2519
0.9279, 673.2723
0.9279, 674.2927
0.9279, 675.3132
0.9279, 676.3336
0.9279, 677.354
0.9279, 678.3744
0.9279, 679.3948
0.9279, 680.4152
0.9279, 681.4356
0.9279, 682.456
0.9279, 683.4764
0.9279, 684.4969
0.9279, 685.5173
0.9279, 686.5377
0.9279, 687.5581
0.9279, 688.5785
0.9279, 689.5989
0.9279, 690.6193
0.9279, 691.6397
0.9279, 692.6602
0.9279, 693.6806
0.9285, 693.6787
0.929, 692.6564
0.9295, 692.6547
0.9301, 692.6529
0.9306, 692.651
0.9311, 691.6288
0.9317, 691.627
0.9322, 691.6251
0.9327, 691.6233
0.9333, 691.6215
0.9338, 691.6197
0.9344, 691.6179
0.9348, 691.616
0.9354, 691.6141
0.936, 691.6124
0.9365, 691.6106
0.937, 691.6087
0.9376, 691.6069
0.9381, 691.6051
0.9386, 691.6033
0.9392, 690.581
0.9397, 690.5792
0.9403, 690.5774
0.9407, 690.5756
0.9413, 689.5533
0.9419, 689.5514
0.9419, 688.5311
0.9419, 687.5107
0.9419, 686.4903
0.9419, 685.4699
0.9419, 684.4494
0.9419, 683.429
0.9419, 682.4086
0.9419, 681.3881
0.9419, 680.3678
0.9419, 679.3474
0.9419, 678.327
0.9419, 677.3066
0.9419, 676.2861
0.9419, 675.2657
0.9419, 674.2453
0.9419, 673.2248
0.9419, 672.2045
0.9419, 671.1841
0.9419, 670.1637
0.9419, 669.1433
0.9419, 668.1229
0.9419, 667.1024
0.9419, 666.082
0.9419, 665.0616
0.9419, 664.0412
0.9419, 663.0208
0.9419, 662.0004
0.9419, 660.98
0.9419, 659.9596
0.9419, 658.9392
0.9419, 657.9186
0.9419, 656.8982
0.9419, 655.8779
0.9419, 654.8575
0.9419, 653.8371
0.9419, 652.8167
0.9419, 651.7963
0.9419, 650.7759
0.9419, 649.7553
0.9419, 648.7349
0.9419, 647.7146
0.9419, 646.6942
0.9419, 645.6738
0.9419, 644.6534
0.9419, 643.633
0.9419, 642.6126
0.9419, 641.5922
0.9419, 640.5716
0.9419, 639.5513
0.9419, 638.5309
0.9419, 637.5105
0.9419, 636.4901
0.9419, 635.4697
0.9419, 634.4493
0.9419, 633.4289
0.9419, 632.4085
0.9419, 631.388
0.9419, 630.3676
0.9419, 629.3472
0.9419, 628.3268
0.9419, 627.3064
0.9419, 626.286
0.9419, 625.2656
0.9419, 624.2452
0.9419, 623.2248
0.9419, 622.2043
0.9419, 621.1839
0.9419, 620.1635
0.9419, 619.1431
0.9419, 618.1227
0.9419, 617.1023
0.9419, 616.0819
0.9419, 615.0615
0.9419, 614.041
0.9419, 613.0206
0.9419, 612.0002
0.9419, 610.9798
0.9419, 609.9594
0.9419, 608.939
0.9419, 607.9186
0.9419, 606.8982
0.9419, 605.8778
0.9419, 604.8573
0.9419, 603.8369
0.9419, 602.8165
0.9419, 601.7961
0.9419, 600.7757
0.9419, 599.7553
0.9419, 598.7349
0.9419, 597.7145
0.9419, 596.6941
0.9419, 595.6736
0.942, 594.6532
0.942, 593.6328
0.942, 592.6124
0.942, 591.592
0.942, 590.5716
0.942, 589.5512
0.942, 588.5308
0.942, 587.5103
0.942, 586.4899
0.942, 585.4695
0.942, 584.4491
0.942, 583.4287
0.942, 582.4083
0.942, 581.3879
0.942, 580.3675
0.942, 579.3471
0.942, 578.3266
0.942, 577.3062
0.942, 576.2858
0.942, 575.2654
0.942, 574.245
0.942, 573.2246
0.942, 572.2042
0.942, 571.1838
0.942, 570.1634
0.942, 569.1429
0.9425, 570.1615
0.943, 571.1801
0.9436, 571.1783
0.9441, 571.1764
0.9447, 571.1746
0.9452, 571.1728
0.9457, 571.171
0.9463, 571.1692
0.9468, 571.1674
0.9473, 571.1655
0.9479, 571.1637
0.9484, 571.1619
0.9489, 571.1601
0.9495, 571.1582
0.95, 572.1768
0.9506, 572.175
0.951, 572.1732
0.9516, 572.1713
0.9522, 572.1695
0.9527, 572.1677
0.9532, 572.1659
0.9538, 572.1641
0.9543, 572.1622
0.9548, 572.1604
0.9554, 572.1586
0.9559, 572.1568
0.9564, 572.1549
0.9569, 572.1531
0.9569, 571.1327
0.9569, 570.1123
0.9569, 571.1327
0.9569, 572.1531
0.9569, 573.1735
0.9569, 574.1939
0.9569, 575.2143
0.9569, 576.2348
0.9569, 577.2551
0.9569, 578.2756
0.9569, 579.296
0.9569, 580.3164
0.9569, 581.3368
0.9569, 582.3572
0.9569, 583.3776
0.9569, 584.398
0.9569, 585.4184
0.9569, 586.4389
0.9569, 587.4593
0.9569, 588.4797
0.9569, 589.5001
0.9569, 590.5205
0.9569, 591.5409
0.9569, 592.5613
0.9569, 593.5817
0.9569, 594.6021
0.9569, 595.6226
0.9569, 596.643
0.9569, 597.6634
0.9569, 598.6838
0.9569, 599.7042
0.9569, 600.7246
0.9569, 601.745
0.9569, 602.7654
0.9569, 603.7859
0.9569, 604.8063
0.9569, 605.8267
0.9569, 606.8471
0.9569, 607.8675
0.9569, 608.8879
0.9569, 609.9083
0.9569, 610.9287
0.9569, 611.9492
0.9569, 612.9696
0.9569, 613.99
0.9575, 613.9882
0.958, 613.9863
0.9586, 613.9845
0.959, 613.9827
0.9596, 613.9809
0.9602, 613.979
0.9607, 613.9771
0.9612, 613.9754
0.9618, 613.9736
0.9623, 613.9717
0.9628, 613.9699
0.9634, 613.9681
0.9639, 613.9663
0.9645, 613.9644
0.9649, 613.9626
0.9655, 613.9607
0.9661, 613.959
0.9666, 613.9572
0.967, 613.9553
0.9677, 613.9535
0.9682, 613.9517
0.9687, 613.9499
0.9693, 613.948
0.9698, 613.9462
0.9704, 613.9444
0.9708, 613.9426
0.9708, 612.9222
0.9708, 611.9017
0.9708, 610.8813
0.9708, 609.8609
0.9708, 608.8405
0.9708, 607.8201
0.9708, 606.7997
0.9708, 605.7793
0.9708, 604.7589
0.9708, 603.7384
0.9708, 602.718
0.9708, 601.6976
0.9708, 600.6772
0.9708, 599.6568
0.9708, 598.6364
0.9708, 597.616
0.9708, 596.5956
0.9708, 595.5752
0.9708, 594.5547
0.9708, 593.5343
0.9708, 592.5139
0.9708, 591.4935
0.9708, 590.4731
0.9708, 589.4527
0.9708, 588.4323
0.9708, 587.4119
0.9708, 586.3915
0.9708, 585.371
0.9708, 584.3506
0.9708, 583.3302
0.9708, 582.3098
0.9708, 581.2894
0.9708, 580.269
0.9708, 579.2486
0.9708, 578.2282
0.9708, 577.2077
0.9708, 576.1873
0.9708, 575.1669
0.9708, 574.1465
0.9708, 573.1261
0.9708, 572.1057
0.9708, 571.0853
0.9708, 570.0649
0.9708, 569.0445
0.9708, 568.024
0.9708, 567.0036
0.9708, 565.9832
0.9708, 564.9628
0.9708, 563.9424
0.9708, 562.922
0.9708, 561.9016
0.9708, 560.8812
0.9708, 559.8608
0.9708, 558.8403
0.9708, 557.8199
0.9708, 556.7995
0.9708, 555.7791
0.9708, 554.7587
0.9708, 553.7383
0.9708, 552.7179
0.9708, 551.6975
0.9708, 550.6771
0.9708, 549.6566
0.9708, 548.6362
0.971, 547.6158
0.971, 546.5954
0.971, 545.575
0.971, 544.5546
0.971, 543.5342
0.971, 542.5138
0.971, 541.4933
0.971, 540.4729
0.971, 539.4525
0.971, 538.4321
0.971, 537.4117
0.971, 536.3913
0.971, 535.3709
0.971, 534.3505
0.971, 533.3301
0.971, 532.3096
0.971, 531.2892
0.971, 530.2688
0.971, 529.2484
0.971, 528.228
0.971, 527.2076
0.971, 526.1872
0.971, 525.1668
0.971, 524.1464
0.971, 523.1259
0.971, 522.1055
0.971, 521.0851
0.971, 520.0647
0.971, 519.0443
0.971, 518.0239
0.971, 517.0035
0.971, 515.983
0.971, 514.9626
0.971, 513.9422
0.971, 512.9218
0.971, 511.9014
0.971, 510.881
0.971, 509.8606
0.971, 508.8401
0.971, 507.8197
0.971, 506.7993
0.971, 505.7789
0.971, 504.7585
0.971, 503.7381
0.971, 502.7177
0.971, 501.6973
0.971, 500.6768
0.971, 499.6564
0.971, 498.636
0.971, 497.6157
0.971, 496.5952
0.971, 495.5748
0.971, 494.5544
0.971, 493.534
0.971, 492.5135
0.971, 491.4932
0.971, 490.4727
0.971, 489.4524
0.971, 488.4319
0.971, 487.4115
0.971, 486.3911
0.971, 485.3707
0.971, 484.3503
0.971, 483.3299
0.971, 482.3094
0.971, 481.2891
0.971, 480.2687
0.971, 479.2482
0.971, 478.2278
0.971, 477.2074
0.971, 476.187
0.971, 475.1666
0.971, 474.1461
0.971, 473.1258
0.971, 472.1054
0.971, 471.085
0.971, 470.0645
0.971, 469.0441
0.971, 468.0237
0.971, 467.0033
0.971, 465.9828
0.971, 464.9625
0.971, 463.9421
0.971, 462.9217
0.971, 461.9013
0.971, 460.8808
0.971, 459.8604
0.971, 458.8399
0.971, 457.8195
0.971, 456.7992
0.971, 455.7788
0.971, 454.7584
0.971, 453.738
0.9716, 454.7565
0.9721, 454.7547
0.9721, 455.7751
0.9726, 455.7732
0.9731, 455.7715
0.9737, 455.7697
0.9743, 455.7678
0.9748, 455.766
0.9752, 455.7642
0.9759, 455.7624
0.9764, 455.7605
0.9769, 455.7587
0.9775, 455.7569
0.978, 455.7551
0.9785, 455.7532
0.979, 455.7513
0.9796, 455.7496
0.9802, 455.7478
0.9807, 455.746
0.9811, 455.7441
0.9818, 455.7423
0.9823, 455.7405
0.9828, 455.7387
0.9834, 455.7368
0.9839, 455.7349
0.9844, 455.7332
0.9849, 455.7314
0.9849, 454.7109
0.9849, 453.6905
0.9849, 452.6701
0.9849, 451.6497
0.9849, 450.6293
0.9849, 449.6089
0.9849, 448.5885
0.9849, 447.5681
0.9849, 446.5476
0.9849, 445.5272
0.9849, 444.5068
0.9849, 443.4864
0.9849, 442.466
0.9849, 441.4456
0.9849, 440.4252
0.9849, 439.4048
0.9849, 438.3844
0.9849, 437.3639
0.9849, 436.3435
0.9849, 435.3231
0.9849, 434.3027
0.9849, 433.2823
0.9849, 432.2619
0.9849, 431.2415
0.9849, 430.2211
0.9849, 429.2006
0.9849, 428.1803
0.9849, 427.1598
0.9849, 426.1394
0.9849, 425.119
0.9849, 424.0986
0.9849, 423.0782
0.9849, 422.0578
0.9849, 421.0374
0.9849, 420.017
0.9849, 418.9965
0.9849, 417.9761
0.9849, 416.9557
0.9849, 415.9353
0.9849, 414.9149
0.9849, 413.8944
0.9849, 412.874
0.9849, 411.8537
0.9849, 410.8333
0.9849, 409.8128
0.9849, 408.7924
0.9849, 407.772
0.9849, 406.7516
0.9849, 405.7311
0.9849, 404.7107
0.9849, 403.6904
0.9849, 402.67
0.9849, 401.6496
0.9849, 400.6291
0.9849, 399.6087
0.9849, 398.5883
0.9849, 397.5678
0.9849, 396.5474
0.9849, 395.5271
0.9849, 394.5067
0.9849, 393.4863
0.9849, 392.4659
0.9849, 391.4454
0.9849, 390.425
0.9849, 389.4046
0.9849, 388.3841
0.9849, 387.3638
0.9849, 386.3434
0.9849, 385.323
0.9849, 384.3026
0.9849, 383.2821
0.9849, 382.2617
0.9851, 381.2413
0.9851, 380.2209
0.9851, 379.2005
0.9851, 378.1801
0.9851, 377.1597
0.9851, 376.1393
0.9851, 375.1189
0.9851, 374.0984
0.9851, 373.078
0.9851, 372.0576
0.9851, 371.0372
0.9851, 370.0168
0.9851, 368.9964
0.9851, 367.976
0.9851, 366.9556
0.9851, 365.9352
0.9851, 364.9146
0.9851, 363.8942
0.9851, 362.8739
0.9851, 361.8535
0.9851, 360.8331
0.9851, 359.8127
0.9851, 358.7923
0.9856, 357.77
0.9856, 356.7496
0.9856, 355.7292
0.9856, 354.7088
0.9856, 353.6884
0.9856, 352.668
0.9856, 351.6476
0.9856, 350.6272
0.9856, 349.6067
0.9856, 348.5863
0.9856, 347.5659
0.9856, 346.5455
0.9856, 345.5251
0.9856, 344.5047
0.9856, 343.4843
0.9856, 342.4639
0.9856, 341.4435
0.9856, 340.423
0.9856, 339.4026
0.9856, 338.3822
0.9856, 337.3618
0.9856, 336.3414
0.9856, 335.321
0.9856, 334.3006
0.9856, 333.2802
0.9856, 332.2597
0.9856, 331.2393
0.9856, 330.2189
0.9856, 329.1985
0.9856, 328.1781
0.9856, 327.1577
0.9856, 326.1373
0.9856, 325.1169
0.9856, 324.0965
0.9856, 323.076
0.9856, 322.0556
0.9856, 321.0352
0.9856, 320.0148
0.9856, 318.9944
0.9856, 317.974
0.9856, 316.9536
0.9856, 315.9332
0.9857, 314.9127
0.9857, 313.8923
0.9857, 312.8719
0.9857, 311.8515
0.9857, 310.8311
0.9857, 309.8107
0.9857, 308.7903
0.9857, 307.7699
0.9857, 306.7495
0.9857, 305.729
0.9857, 304.7086
0.9857, 303.6882
0.9857, 302.6678
0.9857, 301.6474
0.9857, 300.627
0.9857, 299.6066
0.9857, 298.5862
0.9857, 297.5657
0.9857, 296.5453
0.9857, 295.5249
0.9857, 294.5045
0.9857, 293.4841
0.9857, 292.4637
0.9857, 291.4433
0.9857, 290.4229
0.9857, 289.4025
0.9857, 288.382
0.9857, 287.3616
0.9857, 286.3412
0.9857, 285.3208
0.9857, 284.3004
0.9857, 283.28
0.9857, 282.2596
0.9857, 281.2392
0.9857, 280.2187
0.9857, 279.1984
0.9857, 278.1779
0.9857, 277.1575
0.9857, 276.1371
0.9857, 275.1167
0.9857, 274.0963
0.9857, 273.0759
0.9857, 272.0555
0.9857, 271.0351
0.9857, 270.0146
0.9857, 268.9942
0.9857, 267.9738
0.9857, 266.9534
0.9857, 265.933
0.9857, 264.9125
0.9857, 263.8921
0.9857, 262.8718
0.9857, 261.8514
0.9862, 261.8495
0.9868, 261.8477
0.9872, 261.8458
0.9878, 261.8441
0.9884, 261.8422
0.9889, 261.8404
0.9895, 261.8386
0.99, 261.8368
0.9905, 261.8349
0.991, 261.8331
0.9916, 261.8313
0.9921, 261.8295
0.9927, 261.8276
0.9931, 262.8462
0.9937, 262.8444
0.9943, 262.8426
0.9948, 262.8408
0.9954, 262.8389
0.9959, 262.8371
0.9964, 262.8353
0.9969, 262.8335
0.9975, 262.8316
0.998, 262.8298
0.9986, 262.8279
0.999, 262.8262
0.9996, 262.8243
0.9996, 261.8039
0.9996, 260.7835
0.9996, 259.7631
0.9996, 258.7427
0.9996, 257.7223
0.9996, 256.7019
0.9996, 255.6815
0.9996, 254.6611
0.9996, 253.6406
0.9997, 252.6202
0.9997, 251.5998
0.9997, 250.5794
0.9997, 249.559
0.9997, 248.5386
0.9997, 247.5182
0.9997, 246.4978
0.9997, 245.4774
0.9997, 244.4569
0.9997, 243.4365
0.9997, 242.4161
0.9997, 241.3957
0.9997, 240.3753
0.9997, 239.3549
0.9997, 238.3345
0.9997, 237.3141
0.9997, 236.2937
0.9997, 235.2732
0.9997, 234.2528
0.9997, 233.2324
0.9997, 232.212
0.9997, 231.1916
0.9997, 230.1712
0.9997, 229.1508
0.9997, 228.1304
0.9997, 227.1099
0.9997, 226.0895
0.9997, 225.0691
0.9997, 224.0487
0.9997, 223.0283
0.9997, 222.0079
0.9997, 220.9875
0.9997, 219.967
0.9997, 218.9466
0.9997, 217.9262
0.9997, 216.9058
0.9997, 215.8854
0.9997, 214.865
0.9997, 213.8446
0.9997, 212.8242
0.9997, 211.8037
0.9997, 210.7833
0.9997, 209.763
0.9997, 208.7425
0.9997, 207.7221
0.9997, 206.7017
0.9997, 205.6813
0.9997, 204.6609
0.9997, 203.6404
0.9997, 202.62
0.9997, 201.5997
0.9997, 200.5792
0.9997, 199.5588
0.9997, 198.5384
0.9997, 197.518
0.9997, 196.4976
0.9997, 195.4772
0.9997, 194.4567
0.9997, 193.4364
0.9997, 192.416
0.9997, 191.3955
0.9997, 190.3751
0.9997, 189.3547
0.9997, 188.3343
0.9997, 187.3139
0.9997, 186.2934
0.9997, 185.2731
0.9997, 184.2527
0.9997, 183.2323
0.9997, 182.2118
0.9997, 181.1914
0.9997, 180.171
0.9997, 179.1506
0.9997, 178.1302
0.9997, 177.1098
0.9997, 176.0894
0.9997, 175.069
0.9997, 174.0486
0.9997, 173.0281
0.9997, 172.0077
0.9997, 170.9872
0.9997, 169.9668
0.9997, 168.9465
0.9997, 167.9261
0.9997, 166.9057
0.9997, 165.8853
0.9997, 164.8648
0.9997, 163.8444
0.9997, 162.8239
0.9997, 161.8035
0.9997, 160.7832
0.9997, 159.7628
0.9997, 158.7424
0.9997, 157.722
0.9997, 156.7016
0.9997, 155.6811
0.9997, 154.6606
0.9997, 153.6402
0.9997, 152.6199
0.9997, 151.5995
0.9997, 150.5791
0.9997, 149.5587
0.9998, 148.5383
0.9998, 147.5179
0.9998, 146.4974
0.9998, 145.4769
0.9998, 144.4566
0.9998, 143.4362
0.9998, 142.4158
0.9998, 141.3954
0.9998, 140.375
0.9998, 139.3546
0.9998, 138.3341
0.9998, 137.3136
0.9998, 136.2933
0.9998, 135.2729
0.9998, 134.2525
0.9998, 133.2321
0.9998, 132.2117
1.0003, 131.1894
1.0003, 130.169
1.0003, 129.1486
1.0003, 128.1282
1.0003, 127.1078
1.0003, 126.0874
1.0003, 125.067
1.0003, 124.0466
1.0003, 123.0262
1.0003, 122.0057
1.0003, 120.9853
1.0003, 119.9649
1.0003, 118.9445
1.0003, 117.9241
1.0003, 116.9037
1.0003, 115.8833
1.0003, 114.8629
1.0003, 113.8424
1.0003, 112.822
1.0003, 111.8016
1.0003, 110.7812
1.0003, 109.7608
1.0003, 108.7404
1.0003, 107.72
1.0003, 106.6996
1.0003, 105.6792
1.0003, 104.6587
1.0003, 103.6383
1.0003, 102.6179
1.0003, 101.5975
1.0003, 100.5771
1.0003, 99.5567
1.0003, 98.5363
1.0003, 97.5159
1.0003, 96.4955
1.0003, 95.475
1.0003, 94.4546
1.0003, 93.4342
1.0003, 92.4138
1.0003, 91.3934
1.0003, 90.373
1.0003, 89.3526
1.0003, 88.3322
1.0003, 87.3118
1.0003, 86.2913
1.0003, 85.2709
1.0003, 84.2505
1.0003, 83.2301
1.0004, 82.2097
1.0004, 81.1893
1.0004, 80.1689
1.0004, 79.1485
1.0004, 78.128
1.0004, 77.1076
1.0004, 76.0872
1.0004, 75.0668
1.0004, 74.0464
1.0004, 73.026
1.0004, 72.0056
1.0004, 70.9851
1.0004, 69.9647
1.0004, 68.9443
1.0004, 67.9239
1.0004, 66.9035
1.0004, 65.8831
1.0004, 64.8627
1.0004, 63.8423
1.0004, 62.8218
1.0004, 61.8014
1.0004, 60.7811
1.0004, 59.7606
1.0004, 58.7402
1.0004, 57.7198
1.0004, 56.6994
1.0004, 55.679
1.0004, 54.6585
1.0004, 53.6381
1.0004, 52.6178
1.0004, 51.5973
1.0004, 50.5769
1.0004, 49.5565
1.0004, 48.5361
1.0004, 47.5157
1.0004, 46.4953
1.0004, 45.4748
1.0004, 44.4545
1.0004, 43.4341
1.0004, 42.4136
1.0004, 41.3932
1.0004, 40.3728
1.0004, 39.3524
1.0004, 38.332
1.0004, 37.3115
1.0004, 36.2912
1.0004, 35.2708
1.0004, 34.2504
1.0004, 33.2299
1.0004, 32.2095
1.0004, 31.1891
1.0004, 30.1687
1.0004, 29.1482
1.0004, 28.1279
1.0004, 27.1075
1.0004, 26.0871
1.0004, 25.0666
1.0004, 24.0462
1.0004, 23.0258
1.0004, 22.0054
1.0004, 20.9849
1.0004, 19.9646
1.0004, 18.9442
1.0004, 17.9238
1.0004, 16.9034
1.0004, 15.8829
1.0004, 14.8625
1.0004, 13.842
1.0004, 12.8216
1.0004, 11.8013
1.0004, 10.7809
1.0004, 9.7605
1.0004, 8.7401
1.0004, 7.7197
1.0004, 6.6992
1.0004, 5.6787
1.0004, 4.6583
1.0004, 3.638
1.0004, 2.6176
1.0004, 1.5972
1.0004, 0.5768
