#DataThief /Users/salvesen/research/fcolspin/data/H1743/D_H1743_line.png Friday 5-Jun-2020 4:14:33 PM
4.2644, 6.0167e-3
4.2664, 6.0204e-3
4.2683, 6.024e-3
4.2703, 6.0277e-3
4.2722, 6.0314e-3
4.2742, 6.035e-3
4.2761, 6.0387e-3
4.2781, 6.0424e-3
4.28, 5.5384e-3
4.282, 5.5421e-3
4.2839, 5.5458e-3
4.2859, 5.5494e-3
4.2878, 5.5531e-3
4.2898, 5.5568e-3
4.2917, 5.5604e-3
4.2937, 5.5641e-3
4.2955, 5.0602e-3
4.2976, 5.0638e-3
4.2995, 5.0675e-3
4.3014, 5.0712e-3
4.3035, 5.0748e-3
4.3054, 5.0785e-3
4.3074, 5.0822e-3
4.3093, 5.0858e-3
4.3113, 5.0895e-3
4.3132, 5.0931e-3
4.3152, 4.5892e-3
4.3171, 4.5929e-3
4.3191, 4.5966e-3
4.321, 4.6002e-3
4.323, 4.6039e-3
4.3249, 4.6075e-3
4.3269, 4.6112e-3
4.3288, 4.6149e-3
4.3308, 4.6185e-3
4.3327, 4.6222e-3
4.3347, 4.6259e-3
4.3366, 4.6295e-3
4.3386, 4.6332e-3
4.3405, 4.6369e-3
4.3425, 4.6405e-3
4.3444, 5.1518e-3
4.3464, 5.1555e-3
4.3483, 5.1591e-3
4.3503, 5.1628e-3
4.3522, 5.1665e-3
4.3542, 5.1701e-3
4.3561, 5.1738e-3
4.358, 5.1774e-3
4.3601, 4.6735e-3
4.362, 4.6772e-3
4.3639, 4.6809e-3
4.3659, 4.6845e-3
4.3679, 4.6882e-3
4.3698, 4.6918e-3
4.3718, 4.6955e-3
4.3737, 4.6992e-3
4.3757, 4.7028e-3
4.3776, 4.7065e-3
4.3796, 4.7102e-3
4.3815, 4.7138e-3
4.3835, 4.7175e-3
4.3854, 4.7212e-3
4.3874, 4.7248e-3
4.3893, 4.7285e-3
4.3913, 4.7322e-3
4.3932, 4.7358e-3
4.3952, 4.7395e-3
4.3971, 4.7432e-3
4.3991, 4.7468e-3
4.401, 4.7505e-3
4.403, 4.7542e-3
4.4049, 4.7578e-3
4.4069, 4.7615e-3
4.4088, 4.7652e-3
4.4108, 4.7688e-3
4.4127, 4.7725e-3
4.4147, 4.7761e-3
4.4166, 4.7798e-3
4.4186, 4.7835e-3
4.4205, 4.7871e-3
4.4224, 4.7908e-3
4.4245, 4.7945e-3
4.4264, 4.7981e-3
4.4284, 4.8018e-3
4.4303, 4.8055e-3
4.4323, 4.8091e-3
4.4342, 4.8128e-3
4.4362, 4.8165e-3
4.4381, 4.8201e-3
4.4401, 4.8238e-3
4.442, 4.8275e-3
4.444, 4.8311e-3
4.4459, 4.8348e-3
4.4479, 4.8385e-3
4.4498, 4.8421e-3
4.4518, 4.8458e-3
4.4537, 4.8495e-3
4.4557, 4.8531e-3
4.4576, 4.8568e-3
4.4596, 4.8605e-3
4.4615, 4.8641e-3
4.4635, 4.8678e-3
4.4654, 4.8714e-3
4.4674, 4.8751e-3
4.4693, 4.8788e-3
4.4713, 4.8824e-3
4.4732, 4.8861e-3
4.4752, 4.8898e-3
4.4771, 4.8934e-3
4.4791, 4.8971e-3
4.4809, 4.9008e-3
4.483, 4.9044e-3
4.4849, 4.9081e-3
4.4868, 4.9118e-3
4.4889, 5.423e-3
4.4908, 5.4267e-3
4.4928, 5.4304e-3
4.4947, 5.434e-3
4.4967, 5.4377e-3
4.4986, 5.4413e-3
4.5006, 5.445e-3
4.5025, 5.4487e-3
4.5045, 5.4523e-3
4.5064, 5.456e-3
4.5084, 5.4597e-3
4.5103, 5.4633e-3
4.5123, 5.467e-3
4.5142, 5.4707e-3
4.5162, 5.4743e-3
4.5181, 5.478e-3
4.5201, 5.4817e-3
4.522, 5.4853e-3
4.524, 5.489e-3
4.5259, 5.4927e-3
4.5279, 5.4963e-3
4.5298, 5.5e-3
4.5318, 5.5037e-3
4.5337, 5.5073e-3
4.5356, 5.511e-3
4.5375, 5.0071e-3
4.5396, 5.0107e-3
4.5415, 5.0144e-3
4.5434, 5.0181e-3
4.5455, 5.0217e-3
4.5474, 5.0254e-3
4.5493, 5.0291e-3
4.5513, 5.0327e-3
4.5533, 5.0364e-3
4.5552, 5.04e-3
4.5572, 5.0437e-3
4.5591, 5.0474e-3
4.5611, 5.051e-3
4.563, 5.0547e-3
4.565, 5.0584e-3
4.5669, 5.062e-3
4.5689, 5.0657e-3
4.5708, 5.0694e-3
4.5728, 5.073e-3
4.5747, 5.0767e-3
4.5767, 5.0804e-3
4.5786, 5.084e-3
4.5806, 5.0877e-3
4.5825, 5.0914e-3
4.5845, 5.095e-3
4.5864, 5.0987e-3
4.5884, 5.1024e-3
4.5903, 5.106e-3
4.5923, 5.6173e-3
4.5941, 5.6209e-3
4.5962, 5.6246e-3
4.5981, 5.6283e-3
4.6, 5.6319e-3
4.6019, 5.6356e-3
4.604, 5.6393e-3
4.6059, 5.6429e-3
4.6078, 5.139e-3
4.6099, 5.1427e-3
4.6118, 5.1463e-3
4.6138, 5.15e-3
4.6157, 5.1537e-3
4.6177, 5.1573e-3
4.6196, 5.161e-3
4.6216, 5.1647e-3
4.6235, 5.1683e-3
4.6255, 5.172e-3
4.6274, 5.1757e-3
4.6294, 5.1793e-3
4.6313, 5.183e-3
4.6333, 5.1867e-3
4.6352, 5.1903e-3
4.6372, 5.194e-3
4.6391, 5.1977e-3
4.6411, 5.2013e-3
4.643, 5.205e-3
4.645, 5.2087e-3
4.6469, 5.2123e-3
4.6489, 5.216e-3
4.6508, 5.2196e-3
4.6528, 5.2233e-3
4.6547, 5.227e-3
4.6566, 5.2306e-3
4.6585, 5.2343e-3
4.6606, 5.238e-3
4.6625, 5.2416e-3
4.6644, 5.2453e-3
4.6663, 5.249e-3
4.6684, 5.2526e-3
4.6703, 5.2563e-3
4.6723, 5.26e-3
4.6743, 5.2636e-3
4.6762, 5.2673e-3
4.6782, 5.271e-3
4.6801, 5.2746e-3
4.6821, 5.2783e-3
4.684, 5.282e-3
4.686, 5.2856e-3
4.6879, 5.2893e-3
4.6899, 5.293e-3
4.6918, 4.789e-3
4.6938, 4.7927e-3
4.6957, 4.7964e-3
4.6977, 4.8e-3
4.6996, 4.8037e-3
4.7016, 4.8074e-3
4.7035, 4.811e-3
4.7055, 4.8147e-3
4.7074, 4.8183e-3
4.7094, 4.822e-3
4.7113, 4.8257e-3
4.7133, 4.8293e-3
4.7151, 4.833e-3
4.7172, 4.8367e-3
4.7191, 4.8403e-3
4.721, 4.844e-3
4.7229, 4.8477e-3
4.725, 4.8513e-3
4.7269, 4.855e-3
4.7288, 4.8587e-3
4.7309, 4.8623e-3
4.7328, 4.866e-3
4.7348, 4.8697e-3
4.7367, 4.8733e-3
4.7387, 4.877e-3
4.7406, 4.8807e-3
4.7426, 4.8843e-3
4.7445, 4.888e-3
4.7465, 4.8917e-3
4.7484, 4.8953e-3
4.7504, 4.899e-3
4.7523, 4.9027e-3
4.7543, 4.9063e-3
4.7562, 4.91e-3
4.7582, 4.9136e-3
4.7601, 4.9173e-3
4.7621, 5.4286e-3
4.764, 5.4322e-3
4.766, 5.4359e-3
4.7679, 5.4396e-3
4.7699, 5.4432e-3
4.7718, 5.4469e-3
4.7738, 5.4506e-3
4.7757, 5.4542e-3
4.7776, 5.4579e-3
4.7795, 5.4616e-3
4.7816, 5.4652e-3
4.7835, 5.4689e-3
4.7854, 5.4726e-3
4.7873, 5.4762e-3
4.7894, 5.4799e-3
4.7913, 5.4835e-3
4.7933, 5.4872e-3
4.7953, 5.4909e-3
4.7972, 5.4945e-3
4.7992, 5.4982e-3
4.8011, 5.5019e-3
4.8031, 5.5055e-3
4.805, 6.0168e-3
4.807, 6.0205e-3
4.8089, 6.0241e-3
4.8109, 6.0278e-3
4.8128, 6.0315e-3
4.8148, 6.0351e-3
4.8167, 6.0388e-3
4.8187, 6.0425e-3
4.8206, 6.0461e-3
4.8226, 6.0498e-3
4.8245, 6.0534e-3
4.8265, 6.0571e-3
4.8284, 6.0608e-3
4.8304, 6.0644e-3
4.8323, 6.5757e-3
4.8343, 6.5794e-3
4.8362, 6.583e-3
4.8382, 6.5867e-3
4.8401, 6.5904e-3
4.842, 6.594e-3
4.8439, 6.5977e-3
4.846, 6.6014e-3
4.8479, 6.605e-3
4.8498, 6.6087e-3
4.8518, 6.6124e-3
4.8538, 6.616e-3
4.8557, 6.6197e-3
4.8577, 6.6233e-3
4.8597, 6.627e-3
4.8616, 6.6307e-3
4.8636, 6.6343e-3
4.8655, 6.638e-3
4.8675, 6.6417e-3
4.8694, 6.6453e-3
4.8714, 6.649e-3
4.8733, 6.6527e-3
4.8753, 6.6563e-3
4.8772, 6.66e-3
4.8792, 6.6637e-3
4.8811, 6.6673e-3
4.8831, 6.671e-3
4.885, 6.6747e-3
4.887, 7.1859e-3
4.8889, 7.1896e-3
4.8909, 7.1932e-3
4.8928, 7.1969e-3
4.8948, 7.2006e-3
4.8967, 7.2042e-3
4.8987, 7.2079e-3
4.9005, 7.2116e-3
4.9026, 7.2152e-3
4.9045, 7.2189e-3
4.9064, 6.715e-3
4.9083, 6.7186e-3
4.9104, 6.7223e-3
4.9123, 6.726e-3
4.9143, 6.7296e-3
4.9162, 6.7333e-3
4.9182, 6.737e-3
4.9202, 6.7406e-3
4.9221, 6.7443e-3
4.9241, 6.748e-3
4.926, 6.7516e-3
4.928, 6.7553e-3
4.9299, 6.759e-3
4.9319, 6.7626e-3
4.9338, 6.7663e-3
4.9358, 6.77e-3
4.9377, 6.7736e-3
4.9397, 6.7773e-3
4.9416, 6.781e-3
4.9436, 6.7846e-3
4.9455, 6.7883e-3
4.9475, 6.792e-3
4.9494, 6.7956e-3
4.9514, 6.7993e-3
4.9533, 6.8029e-3
4.9553, 6.8066e-3
4.9572, 6.8103e-3
4.9592, 6.8139e-3
4.9611, 7.3252e-3
4.963, 7.3289e-3
4.9649, 7.3325e-3
4.967, 7.3362e-3
4.9689, 7.3399e-3
4.9708, 7.3435e-3
4.9727, 7.3472e-3
4.9748, 7.8584e-3
4.9767, 7.8621e-3
4.9787, 7.8658e-3
4.9806, 7.8694e-3
4.9826, 7.8731e-3
4.9846, 7.8768e-3
4.9865, 7.8804e-3
4.9885, 7.8841e-3
4.9904, 7.8878e-3
4.9924, 7.8914e-3
4.9943, 7.8951e-3
4.9963, 7.8988e-3
4.9982, 7.9024e-3
5.0002, 7.9061e-3
5.0021, 7.9098e-3
5.0041, 7.9134e-3
5.006, 7.9171e-3
5.008, 8.4283e-3
5.0099, 8.432e-3
5.0119, 8.4357e-3
5.0138, 8.4393e-3
5.0158, 8.443e-3
5.0177, 8.4467e-3
5.0197, 8.4503e-3
5.0216, 8.454e-3
5.0236, 8.4577e-3
5.0255, 8.4613e-3
5.0275, 8.465e-3
5.0294, 8.4687e-3
5.0314, 8.4723e-3
5.0333, 8.476e-3
5.0352, 8.4797e-3
5.0372, 8.9909e-3
5.0392, 8.9946e-3
5.0411, 8.9982e-3
5.0431, 9.0019e-3
5.045, 9.0056e-3
5.047, 9.0092e-3
5.0489, 9.0129e-3
5.0509, 9.0166e-3
5.0529, 9.0202e-3
5.0548, 9.0239e-3
5.0568, 9.0276e-3
5.0587, 9.0312e-3
5.0607, 9.0349e-3
5.0626, 9.0386e-3
5.0646, 9.0422e-3
5.0665, 9.0459e-3
5.0685, 9.0496e-3
5.0704, 9.0532e-3
5.0724, 9.0569e-3
5.0743, 9.0606e-3
5.0763, 9.0642e-3
5.0782, 9.0679e-3
5.0802, 9.0716e-3
5.0821, 9.5828e-3
5.0841, 9.5865e-3
5.086, 9.5901e-3
5.088, 9.5938e-3
5.0899, 9.5975e-3
5.0919, 9.6011e-3
5.0937, 9.6048e-3
5.0958, 9.6085e-3
5.0977, 9.6121e-3
5.0997, 9.6158e-3
5.1016, 9.6195e-3
5.1036, 9.6231e-3
5.1055, 9.6268e-3
5.1075, 9.6305e-3
5.1094, 9.6341e-3
5.1114, 9.6378e-3
5.1133, 9.6415e-3
5.1153, 9.6451e-3
5.1173, 9.6488e-3
5.1192, 9.6525e-3
5.1212, 9.6561e-3
5.1231, 9.6598e-3
5.1251, 9.6634e-3
5.127, 9.6671e-3
5.129, 9.6708e-3
5.1309, 0.0102
5.1329, 0.0102
5.1348, 0.0102
5.1368, 0.0102
5.1387, 0.0102
5.1407, 0.0102
5.1426, 0.0102
5.1446, 0.0102
5.1465, 0.0102
5.1485, 0.0102
5.1504, 0.0107
5.1524, 0.0107
5.1543, 0.0107
5.1562, 0.0107
5.1582, 0.0107
5.1602, 0.0107
5.1621, 0.0107
5.1641, 0.0108
5.166, 0.0108
5.168, 0.0108
5.1699, 0.0108
5.1719, 0.0108
5.1738, 0.0108
5.1758, 0.0108
5.1777, 0.0108
5.1797, 0.0108
5.1816, 0.0108
5.1836, 0.0108
5.1856, 0.0113
5.1875, 0.0113
5.1895, 0.0113
5.1914, 0.0113
5.1934, 0.0113
5.1953, 0.0113
5.1973, 0.0113
5.1992, 0.0113
5.2012, 0.0113
5.2031, 0.0113
5.2051, 0.0113
5.207, 0.0113
5.209, 0.0113
5.2109, 0.0113
5.2129, 0.0119
5.2147, 0.0119
5.2168, 0.0119
5.2187, 0.0119
5.2207, 0.0119
5.2226, 0.0119
5.2246, 0.0119
5.2265, 0.0119
5.2285, 0.0119
5.2304, 0.0119
5.2324, 0.0119
5.2343, 0.0124
5.2363, 0.0124
5.2382, 0.0124
5.2402, 0.0124
5.2421, 0.0124
5.2441, 0.0124
5.246, 0.0124
5.248, 0.0124
5.2499, 0.0124
5.2519, 0.0124
5.2539, 0.0124
5.2558, 0.0124
5.2578, 0.0125
5.2597, 0.013
5.2617, 0.013
5.2636, 0.013
5.2656, 0.013
5.2675, 0.013
5.2695, 0.013
5.2713, 0.013
5.2734, 0.013
5.2753, 0.013
5.2772, 0.013
5.2792, 0.013
5.2812, 0.013
5.2831, 0.0135
5.2851, 0.0135
5.287, 0.0135
5.289, 0.0135
5.2909, 0.0135
5.2929, 0.0135
5.2948, 0.0135
5.2968, 0.014
5.2987, 0.0141
5.3007, 0.0141
5.3026, 0.0141
5.3046, 0.0141
5.3065, 0.0141
5.3085, 0.0141
5.3104, 0.0141
5.3124, 0.0141
5.3143, 0.0146
5.3163, 0.0146
5.3182, 0.0146
5.3202, 0.0146
5.3221, 0.0146
5.3241, 0.0146
5.3261, 0.0146
5.328, 0.0146
5.33, 0.0146
5.3319, 0.0151
5.3338, 0.0151
5.3357, 0.0151
5.3378, 0.0151
5.3397, 0.0151
5.3417, 0.0151
5.3436, 0.0151
5.3456, 0.0152
5.3475, 0.0157
5.3495, 0.0157
5.3514, 0.0157
5.3534, 0.0157
5.3553, 0.0157
5.3573, 0.0157
5.3592, 0.0157
5.3612, 0.0162
5.3631, 0.0162
5.3651, 0.0162
5.367, 0.0162
5.369, 0.0162
5.3709, 0.0167
5.3729, 0.0167
5.3748, 0.0167
5.3768, 0.0167
5.3787, 0.0167
5.3807, 0.0167
5.3826, 0.0167
5.3846, 0.0173
5.3865, 0.0173
5.3885, 0.0173
5.3904, 0.0173
5.3924, 0.0173
5.3942, 0.0178
5.3963, 0.0178
5.3982, 0.0178
5.4002, 0.0178
5.4022, 0.0178
5.4041, 0.0178
5.4061, 0.0183
5.408, 0.0183
5.41, 0.0183
5.4119, 0.0183
5.4139, 0.0183
5.4158, 0.0183
5.4178, 0.0183
5.4197, 0.0183
5.4217, 0.0188
5.4236, 0.0189
5.4256, 0.0189
5.4275, 0.0189
5.4295, 0.0189
5.4314, 0.0189
5.4334, 0.0189
5.4353, 0.0189
5.4373, 0.0194
5.4392, 0.0194
5.4412, 0.0194
5.4431, 0.0194
5.4451, 0.0194
5.447, 0.0194
5.449, 0.0194
5.4509, 0.0199
5.4529, 0.0199
5.4548, 0.0199
5.4567, 0.0199
5.4586, 0.0204
5.4607, 0.0204
5.4626, 0.0204
5.4646, 0.0205
5.4665, 0.0205
5.4685, 0.0205
5.4704, 0.021
5.4724, 0.021
5.4743, 0.021
5.4763, 0.021
5.4783, 0.021
5.4802, 0.021
5.4822, 0.021
5.4841, 0.021
5.4861, 0.0215
5.488, 0.0215
5.49, 0.0215
5.4919, 0.0215
5.4939, 0.0215
5.4958, 0.0215
5.4978, 0.0215
5.4997, 0.0215
5.5017, 0.0215
5.5036, 0.0215
5.5056, 0.0215
5.5074, 0.0215
5.5095, 0.0216
5.5114, 0.0216
5.5133, 0.0221
5.5152, 0.0221
5.5173, 0.0221
5.5192, 0.0221
5.5211, 0.0221
5.5231, 0.0221
5.5251, 0.0221
5.527, 0.0226
5.529, 0.0226
5.5309, 0.0226
5.5329, 0.0226
5.5348, 0.0226
5.5368, 0.0231
5.5387, 0.0231
5.5407, 0.0231
5.5426, 0.0231
5.5446, 0.0231
5.5465, 0.0231
5.5485, 0.0231
5.5505, 0.0232
5.5524, 0.0232
5.5544, 0.0237
5.5563, 0.0237
5.5583, 0.0237
5.5602, 0.0237
5.5622, 0.0242
5.5641, 0.0242
5.5661, 0.0242
5.568, 0.0242
5.5699, 0.0242
5.5718, 0.0242
5.5739, 0.0242
5.5758, 0.0242
5.5777, 0.0242
5.5796, 0.0247
5.5817, 0.0247
5.5836, 0.0247
5.5856, 0.0247
5.5875, 0.0247
5.5895, 0.0247
5.5914, 0.0248
5.5934, 0.0248
5.5953, 0.0248
5.5973, 0.0253
5.5992, 0.0253
5.6012, 0.0253
5.6031, 0.0253
5.6051, 0.0258
5.607, 0.0258
5.609, 0.0258
5.6109, 0.0263
5.6129, 0.0263
5.6148, 0.0263
5.6168, 0.0263
5.6187, 0.0263
5.6207, 0.0268
5.6226, 0.0268
5.6246, 0.0268
5.6265, 0.0268
5.6284, 0.0269
5.6305, 0.0269
5.6324, 0.0269
5.6343, 0.0269
5.6362, 0.0269
5.6383, 0.0269
5.6402, 0.0269
5.6421, 0.0269
5.6441, 0.0269
5.6461, 0.0269
5.648, 0.0274
5.65, 0.0274
5.6519, 0.0274
5.6539, 0.0274
5.6558, 0.0274
5.6578, 0.0279
5.6597, 0.0279
5.6617, 0.0279
5.6636, 0.0284
5.6656, 0.0284
5.6675, 0.029
5.6695, 0.029
5.6714, 0.029
5.6734, 0.0295
5.6753, 0.0295
5.6773, 0.03
5.6792, 0.03
5.6812, 0.03
5.6831, 0.0305
5.6851, 0.031
5.687, 0.031
5.689, 0.0315
5.6909, 0.0315
5.6928, 0.0315
5.6947, 0.0315
5.6968, 0.0321
5.6987, 0.0321
5.7006, 0.0321
5.7026, 0.0321
5.7046, 0.0326
5.7065, 0.0326
5.7085, 0.0331
5.7104, 0.0331
5.7124, 0.0331
5.7143, 0.0336
5.7163, 0.0336
5.7182, 0.0336
5.7202, 0.0341
5.7221, 0.0341
5.7241, 0.0341
5.7261, 0.0341
5.728, 0.0341
5.73, 0.0341
5.7319, 0.0342
5.7339, 0.0342
5.7358, 0.0342
5.7378, 0.0342
5.7397, 0.0347
5.7417, 0.0347
5.7436, 0.0352
5.7456, 0.0352
5.7475, 0.0352
5.7495, 0.0352
5.7513, 0.0357
5.7534, 0.0357
5.7553, 0.0357
5.7572, 0.0357
5.7591, 0.0362
5.7612, 0.0362
5.7631, 0.0362
5.7651, 0.0362
5.767, 0.0362
5.769, 0.0363
5.7709, 0.0363
5.7729, 0.0363
5.7748, 0.0363
5.7768, 0.0363
5.7787, 0.0363
5.7807, 0.0363
5.7826, 0.0368
5.7846, 0.0368
5.7865, 0.0368
5.7885, 0.0368
5.7904, 0.0368
5.7924, 0.0368
5.7943, 0.0373
5.7963, 0.0373
5.7982, 0.0373
5.8002, 0.0373
5.8021, 0.0373
5.8041, 0.0373
5.8061, 0.0378
5.808, 0.0378
5.81, 0.0379
5.8119, 0.0379
5.8138, 0.0379
5.8157, 0.0379
5.8178, 0.0384
5.8197, 0.0384
5.8216, 0.0384
5.8235, 0.0389
5.8256, 0.0389
5.8275, 0.0389
5.8295, 0.0389
5.8314, 0.0394
5.8334, 0.0394
5.8353, 0.0394
5.8373, 0.0394
5.8392, 0.0399
5.8412, 0.0399
5.8431, 0.0399
5.8451, 0.0399
5.847, 0.04
5.849, 0.0405
5.8509, 0.0405
5.8529, 0.0405
5.8548, 0.041
5.8568, 0.041
5.8587, 0.041
5.8607, 0.041
5.8626, 0.041
5.8646, 0.041
5.8665, 0.0415
5.8685, 0.0415
5.8704, 0.0415
5.8723, 0.042
5.8742, 0.042
5.8763, 0.042
5.8782, 0.042
5.8801, 0.042
5.882, 0.0426
5.8841, 0.0426
5.886, 0.0426
5.888, 0.0426
5.8899, 0.0431
5.8919, 0.0431
5.8939, 0.0431
5.8958, 0.0431
5.8978, 0.0436
5.8997, 0.0436
5.9017, 0.0436
5.9036, 0.0436
5.9056, 0.0441
5.9075, 0.0441
5.9095, 0.0441
5.9114, 0.0441
5.9134, 0.0446
5.9153, 0.0446
5.9173, 0.0452
5.9192, 0.0452
5.9212, 0.0452
5.9231, 0.0457
5.9251, 0.0457
5.927, 0.0462
5.929, 0.0462
5.9308, 0.0462
5.9329, 0.0467
5.9348, 0.0467
5.9367, 0.0467
5.9386, 0.0472
5.9407, 0.0472
5.9426, 0.0472
5.9445, 0.0477
5.9465, 0.0478
5.9485, 0.0478
5.9504, 0.0483
5.9524, 0.0483
5.9543, 0.0483
5.9563, 0.0488
5.9582, 0.0488
5.9602, 0.0488
5.9621, 0.0493
5.9641, 0.0493
5.966, 0.0493
5.968, 0.0493
5.9699, 0.0498
5.9719, 0.0498
5.9738, 0.0498
5.9758, 0.0498
5.9777, 0.0498
5.9797, 0.0504
5.9816, 0.0504
5.9836, 0.0504
5.9855, 0.0509
5.9875, 0.0509
5.9893, 0.0509
5.9914, 0.0509
5.9933, 0.0509
5.9952, 0.0514
5.9973, 0.0514
5.9992, 0.0514
6.0012, 0.0519
6.0031, 0.0519
6.0051, 0.0519
6.007, 0.0524
6.009, 0.0524
6.0109, 0.0524
6.0129, 0.053
6.0148, 0.053
6.0168, 0.053
6.0187, 0.053
6.0207, 0.053
6.0226, 0.0535
6.0246, 0.0535
6.0265, 0.054
6.0285, 0.054
6.0304, 0.0545
6.0324, 0.0545
6.0343, 0.0545
6.0363, 0.0545
6.0382, 0.055
6.0402, 0.055
6.0421, 0.055
6.0441, 0.055
6.046, 0.0556
6.048, 0.0556
6.0499, 0.0556
6.0519, 0.0561
6.0538, 0.0561
6.0558, 0.0561
6.0577, 0.0566
6.0597, 0.0566
6.0616, 0.0566
6.0636, 0.0566
6.0655, 0.0566
6.0675, 0.0571
6.0694, 0.0571
6.0714, 0.0571
6.0733, 0.0571
6.0753, 0.0576
6.0772, 0.0576
6.0792, 0.0582
6.0811, 0.0582
6.0831, 0.0582
6.0831, 0.0587
6.085, 0.0587
6.087, 0.0592
6.0889, 0.0592
6.0909, 0.0592
6.0928, 0.0597
6.0948, 0.0597
6.0967, 0.0602
6.0987, 0.0602
6.1007, 0.0602
6.1026, 0.0602
6.1046, 0.0602
6.1065, 0.0602
6.1085, 0.0607
6.1104, 0.0608
6.1124, 0.0608
6.1143, 0.0608
6.1163, 0.0613
6.1182, 0.0613
6.1202, 0.0613
6.1221, 0.0618
6.1241, 0.0618
6.126, 0.0618
6.128, 0.0623
6.1299, 0.0623
6.1319, 0.0628
6.1338, 0.0628
6.1358, 0.0633
6.1377, 0.0633
6.1397, 0.0639
6.1416, 0.0639
6.1436, 0.0639
6.1455, 0.0644
6.1475, 0.0644
6.1494, 0.0644
6.1514, 0.0644
6.1533, 0.0644
6.1553, 0.0649
6.1572, 0.0649
6.1592, 0.0649
6.1611, 0.0649
6.1631, 0.0654
6.165, 0.0654
6.167, 0.0654
6.1689, 0.0659
6.1709, 0.0659
6.1728, 0.0665
6.1748, 0.0665
6.1767, 0.067
6.1787, 0.067
6.1806, 0.067
6.1826, 0.0675
6.1844, 0.0675
6.1865, 0.0675
6.1884, 0.0675
6.1904, 0.0675
6.1923, 0.068
6.1943, 0.068
6.1962, 0.0685
6.1982, 0.0685
6.2001, 0.069
6.2021, 0.069
6.204, 0.0695
6.206, 0.0695
6.208, 0.0695
6.2099, 0.0701
6.2119, 0.0701
6.2138, 0.0706
6.2158, 0.0706
6.2177, 0.0706
6.2197, 0.0711
6.2216, 0.0711
6.2236, 0.0711
6.2255, 0.0716
6.2275, 0.0716
6.2294, 0.0721
6.2314, 0.0721
6.2333, 0.0727
6.2353, 0.0727
6.2372, 0.0732
6.2392, 0.0732
6.2411, 0.0732
6.2431, 0.0732
6.245, 0.0737
6.2469, 0.0742
6.2489, 0.0747
6.2509, 0.0747
6.2528, 0.0752
6.2548, 0.0752
6.2567, 0.0757
6.2587, 0.0757
6.2606, 0.0758
6.2626, 0.0763
6.2645, 0.0763
6.2665, 0.0768
6.2684, 0.0768
6.2704, 0.0768
6.2723, 0.0768
6.2743, 0.0773
6.2762, 0.0773
6.2782, 0.0773
6.2801, 0.0778
6.2821, 0.0778
6.284, 0.0783
6.286, 0.0788
6.2879, 0.0788
6.2899, 0.0794
6.2918, 0.0794
6.2938, 0.0799
6.2957, 0.0799
6.2977, 0.0799
6.2995, 0.0804
6.3016, 0.0804
6.3035, 0.0809
6.3054, 0.0809
6.3074, 0.0814
6.3094, 0.0814
6.3113, 0.0819
6.3133, 0.0819
6.3152, 0.0825
6.3172, 0.0825
6.3191, 0.083
6.3211, 0.083
6.323, 0.083
6.325, 0.0835
6.3269, 0.0835
6.3289, 0.084
6.3308, 0.084
6.3328, 0.084
6.3347, 0.0845
6.3367, 0.0845
6.3386, 0.085
6.3406, 0.085
6.3425, 0.0856
6.3445, 0.0856
6.3464, 0.0856
6.3484, 0.0861
6.3503, 0.0861
6.3523, 0.0861
6.3543, 0.0866
6.3562, 0.0866
6.3582, 0.0866
6.3601, 0.0871
6.362, 0.0871
6.3639, 0.0876
6.366, 0.0876
6.3679, 0.0876
6.3699, 0.0876
6.3718, 0.0881
6.3738, 0.0881
6.3757, 0.0887
6.3777, 0.0887
6.3796, 0.0892
6.3816, 0.0892
6.3835, 0.0897
6.3855, 0.0897
6.3874, 0.0902
6.3894, 0.0902
6.3894, 0.0907
6.3913, 0.0907
6.3933, 0.0912
6.3952, 0.0912
6.3972, 0.0917
6.3991, 0.0917
6.4011, 0.0918
6.403, 0.0923
6.405, 0.0923
6.4069, 0.0923
6.4089, 0.0923
6.4108, 0.0928
6.4128, 0.0928
6.4147, 0.0933
6.4167, 0.0937
6.4186, 0.0937
6.4205, 0.0943
6.4224, 0.0948
6.4245, 0.0948
6.4264, 0.0954
6.4284, 0.0954
6.4303, 0.0954
6.4323, 0.0959
6.4342, 0.0959
6.4362, 0.0964
6.4381, 0.0969
6.4401, 0.0969
6.442, 0.0969
6.444, 0.0974
6.4459, 0.0974
6.4479, 0.0974
6.4498, 0.0979
6.4518, 0.0979
6.4518, 0.0984
6.4537, 0.0984
6.4557, 0.099
6.4576, 0.099
6.4596, 0.0995
6.4615, 0.0995
6.4615, 0.1
6.4635, 0.1005
6.4654, 0.1005
6.4674, 0.101
6.4693, 0.1015
6.4713, 0.1015
6.4732, 0.102
6.4752, 0.102
6.4771, 0.1026
6.4791, 0.1031
6.4809, 0.1031
6.4809, 0.1036
6.483, 0.1036
6.4849, 0.1041
6.4868, 0.1041
6.4888, 0.1046
6.4908, 0.1046
6.4927, 0.1051
6.4947, 0.1056
6.4966, 0.1061
6.4986, 0.1061
6.5005, 0.1067
6.5025, 0.1067
6.5044, 0.1072
6.5064, 0.1072
6.5083, 0.1077
6.5103, 0.1082
6.5122, 0.1082
6.5142, 0.1087
6.5161, 0.1087
6.5181, 0.1092
6.52, 0.1097
6.522, 0.1097
6.5239, 0.1097
6.5259, 0.1103
6.5278, 0.1103
6.5298, 0.1103
6.5316, 0.1103
6.5337, 0.1103
6.5356, 0.1108
6.5375, 0.1108
6.5396, 0.1108
6.5415, 0.1113
6.5434, 0.1113
6.5453, 0.1118
6.5474, 0.1123
6.5493, 0.1123
6.5513, 0.1128
6.5532, 0.1128
6.5532, 0.1134
6.5552, 0.1134
6.5571, 0.1139
6.5591, 0.1144
6.561, 0.1144
6.561, 0.1149
6.563, 0.1149
6.5649, 0.1154
6.5669, 0.1159
6.5688, 0.1159
6.5708, 0.1159
6.5727, 0.1159
6.5747, 0.1159
6.5766, 0.1164
6.5786, 0.117
6.5805, 0.117
6.5825, 0.1175
6.5844, 0.1175
6.5864, 0.1179
6.5883, 0.1179
6.5903, 0.1185
6.5922, 0.1185
6.5941, 0.119
6.596, 0.1195
6.5981, 0.1195
6.6, 0.12
6.6019, 0.12
6.6038, 0.1206
6.6059, 0.1206
6.6078, 0.1211
6.6098, 0.1211
6.6117, 0.1216
6.6137, 0.1216
6.6156, 0.1221
6.6176, 0.1221
6.6195, 0.1226
6.6215, 0.1226
6.6234, 0.1226
6.6254, 0.1231
6.6273, 0.1236
6.6293, 0.1242
6.6312, 0.1242
6.6332, 0.1247
6.6351, 0.1252
6.6371, 0.1252
6.639, 0.1257
6.641, 0.1262
6.6429, 0.1267
6.6449, 0.1267
6.6468, 0.1272
6.6488, 0.1277
6.6507, 0.1278
6.6526, 0.1283
6.6545, 0.1283
6.6566, 0.1288
6.6585, 0.1288
6.6604, 0.1288
6.6623, 0.1293
6.6644, 0.1293
6.6663, 0.1298
6.6683, 0.1298
6.6702, 0.1303
6.6722, 0.1303
6.6741, 0.1303
6.6761, 0.1308
6.678, 0.1314
6.68, 0.1314
6.6819, 0.1319
6.6839, 0.1319
6.6858, 0.1319
6.6878, 0.1324
6.6897, 0.1329
6.6917, 0.1329
6.6936, 0.1334
6.6956, 0.1334
6.6956, 0.1339
6.6975, 0.1339
6.6995, 0.1344
6.7014, 0.135
6.7034, 0.135
6.7034, 0.1355
6.7053, 0.1355
6.7073, 0.136
6.7092, 0.136
6.7112, 0.1365
6.713, 0.1365
6.7151, 0.1365
6.717, 0.137
6.7189, 0.137
6.7208, 0.1375
6.7229, 0.138
6.7248, 0.138
6.7268, 0.1386
6.7287, 0.1386
6.7307, 0.1391
6.7326, 0.1396
6.7346, 0.1401
6.7365, 0.1401
6.7385, 0.1406
6.7404, 0.1411
6.7424, 0.1416
6.7443, 0.1416
6.7463, 0.1421
6.7482, 0.1427
6.7502, 0.1427
6.7521, 0.1432
6.7541, 0.1437
6.756, 0.1442
6.758, 0.1442
6.7599, 0.1447
6.7619, 0.1447
6.7638, 0.1452
6.7658, 0.1457
6.7677, 0.1457
6.7697, 0.1461
6.7715, 0.1468
6.7736, 0.1468
6.7755, 0.1473
6.7774, 0.1478
6.7793, 0.1482
6.7814, 0.1482
6.7833, 0.1488
6.7852, 0.1488
6.7872, 0.1493
6.7892, 0.1493
6.7912, 0.1493
6.7931, 0.1498
6.7951, 0.1504
6.797, 0.1509
6.799, 0.1509
6.8009, 0.1514
6.8029, 0.1514
6.8048, 0.1519
6.8068, 0.1524
6.8087, 0.1529
6.8107, 0.1534
6.8126, 0.1534
6.8146, 0.1539
6.8165, 0.1545
6.8185, 0.1545
6.8204, 0.155
6.8224, 0.155
6.8243, 0.1555
6.8263, 0.1555
6.8282, 0.156
6.8302, 0.156
6.8321, 0.1565
6.834, 0.1565
6.8359, 0.157
6.838, 0.1575
6.8399, 0.1581
6.8418, 0.1586
6.8437, 0.1586
6.8458, 0.1591
6.8477, 0.1596
6.8497, 0.1596
6.8516, 0.1596
6.8536, 0.1601
6.8555, 0.1601
6.8575, 0.1606
6.8594, 0.1611
6.8614, 0.1611
6.8633, 0.1617
6.8653, 0.1622
6.8672, 0.1622
6.8692, 0.1627
6.8711, 0.1627
6.8731, 0.1632
6.875, 0.1632
6.877, 0.1637
6.8789, 0.1637
6.8809, 0.1642
6.8828, 0.1647
6.8848, 0.1647
6.8867, 0.1653
6.8887, 0.1653
6.8906, 0.1658
6.8925, 0.1663
6.8944, 0.1663
6.8965, 0.1668
6.8984, 0.1673
6.9003, 0.1673
6.9022, 0.1678
6.9043, 0.1683
6.9062, 0.1683
6.9082, 0.1688
6.9101, 0.1688
6.9121, 0.1694
6.914, 0.1694
6.916, 0.1699
6.9179, 0.1703
6.9199, 0.1709
6.9218, 0.1714
6.9238, 0.1719
6.9257, 0.1719
6.9277, 0.1724
6.9296, 0.1729
6.9316, 0.1729
6.9335, 0.1735
6.9355, 0.174
6.9374, 0.174
6.9394, 0.1745
6.9413, 0.175
6.9433, 0.1755
6.9452, 0.1755
6.9472, 0.176
6.9491, 0.1764
6.951, 0.177
6.9529, 0.1776
6.955, 0.1781
6.9569, 0.1781
6.9588, 0.1786
6.9607, 0.1791
6.9628, 0.1796
6.9647, 0.1801
6.9667, 0.1801
6.9686, 0.1806
6.9706, 0.1811
6.9725, 0.1817
6.9745, 0.1822
6.9764, 0.1822
6.9764, 0.1827
6.9784, 0.1827
6.9803, 0.1832
6.9823, 0.1837
6.9842, 0.1837
6.9862, 0.1842
6.9881, 0.1847
6.9901, 0.1852
6.992, 0.1858
6.994, 0.1863
6.9959, 0.1863
6.9979, 0.1868
6.9998, 0.1868
7.0018, 0.1873
7.0037, 0.1878
7.0057, 0.1883
7.0076, 0.1883
7.0096, 0.1888
7.0115, 0.1888
7.0135, 0.1893
7.0154, 0.1893
7.0174, 0.1899
7.0193, 0.1904
7.0213, 0.1909
7.0232, 0.1914
7.0252, 0.1919
7.0271, 0.1924
7.0291, 0.1924
7.031, 0.1929
7.033, 0.1929
7.033, 0.1934
7.0349, 0.194
7.0369, 0.194
7.0369, 0.1945
7.0388, 0.1945
7.0408, 0.195
7.0427, 0.195
7.0447, 0.1955
7.0466, 0.196
7.0486, 0.196
7.0505, 0.1965
7.0525, 0.197
7.0544, 0.1975
7.0564, 0.1975
7.0583, 0.1981
7.0603, 0.1981
7.0622, 0.1985
7.0642, 0.1991
7.0661, 0.1996
7.0681, 0.2001
7.07, 0.2001
7.072, 0.2006
7.0739, 0.2006
7.0759, 0.2011
7.0759, 0.2016
7.0778, 0.2016
7.0778, 0.2022
7.0798, 0.2027
7.0817, 0.2032
7.0836, 0.2037
7.0856, 0.2037
7.0856, 0.2042
7.0876, 0.2042
7.0895, 0.2042
7.0915, 0.2046
7.0934, 0.2052
7.0954, 0.2052
7.0973, 0.2057
7.0993, 0.2063
7.1012, 0.2068
7.1032, 0.2073
7.1051, 0.2078
7.1071, 0.2078
7.109, 0.2083
7.111, 0.2088
7.1129, 0.2093
7.1149, 0.2098
7.1168, 0.2098
7.1168, 0.2104
7.1188, 0.2104
7.1207, 0.2109
7.1227, 0.2114
7.1246, 0.2114
7.1246, 0.2119
7.1266, 0.2119
7.1285, 0.2124
7.1285, 0.2129
7.1305, 0.2134
7.1324, 0.2139
7.1344, 0.2139
7.1363, 0.2144
7.1383, 0.215
7.1402, 0.2155
7.1421, 0.216
7.1441, 0.2165
7.1461, 0.2165
7.148, 0.217
7.15, 0.2175
7.1519, 0.218
7.1539, 0.218
7.1539, 0.2185
7.1558, 0.2185
7.1578, 0.2191
7.1597, 0.2196
7.1617, 0.2196
7.1636, 0.2201
7.1656, 0.2201
7.1675, 0.2206
7.1695, 0.2211
7.1714, 0.2216
7.1734, 0.2221
7.1753, 0.2226
7.1773, 0.2232
7.1792, 0.2237
7.1812, 0.2242
7.1831, 0.2247
7.1851, 0.2252
7.187, 0.2252
7.189, 0.2257
7.1909, 0.2257
7.1929, 0.2262
7.1948, 0.2267
7.1968, 0.2273
7.1987, 0.2273
7.1987, 0.2278
7.2006, 0.2283
7.2026, 0.2288
7.2046, 0.2293
7.2065, 0.2298
7.2085, 0.2298
7.2104, 0.2303
7.2124, 0.2308
7.2143, 0.2313
7.2163, 0.2319
7.2182, 0.2324
7.2202, 0.2328
7.2221, 0.2334
7.2241, 0.2339
7.226, 0.2344
7.228, 0.2349
7.2299, 0.2354
7.2319, 0.2359
7.2338, 0.2365
7.2358, 0.2365
7.2377, 0.237
7.2377, 0.2375
7.2377, 0.238
7.2397, 0.238
7.2416, 0.238
7.2416, 0.2385
7.2436, 0.2389
7.2455, 0.2395
7.2475, 0.24
7.2494, 0.24
7.2494, 0.2405
7.2514, 0.2406
7.2533, 0.2411
7.2553, 0.2416
7.2572, 0.2416
7.2572, 0.2421
7.2591, 0.2426
7.261, 0.2426
7.2631, 0.2431
7.265, 0.2431
7.267, 0.2436
7.2689, 0.2441
7.2709, 0.2446
7.2728, 0.2452
7.2748, 0.2457
7.2767, 0.2462
7.2787, 0.2467
7.2806, 0.2472
7.2826, 0.2477
7.2845, 0.2482
7.2865, 0.2487
7.2884, 0.2493
7.2904, 0.2498
7.2923, 0.2503
7.2942, 0.2508
7.2962, 0.2513
7.2981, 0.2518
7.3001, 0.2523
7.3001, 0.2528
7.302, 0.2533
7.304, 0.2533
7.304, 0.2538
7.3059, 0.2539
7.3059, 0.2544
7.3059, 0.2549
7.3079, 0.2554
7.3098, 0.2559
7.3118, 0.2564
7.3136, 0.2569
7.3157, 0.2574
7.3176, 0.2579
7.3176, 0.2584
7.3195, 0.2584
7.3195, 0.259
7.3195, 0.2595
7.3215, 0.26
7.3235, 0.2605
7.3235, 0.261
7.3254, 0.2615
7.3274, 0.262
7.3293, 0.2625
7.3313, 0.263
7.3313, 0.2635
7.3332, 0.2641
7.3352, 0.2646
7.3371, 0.2651
7.3371, 0.2656
7.3391, 0.2661
7.341, 0.2666
7.343, 0.2671
7.343, 0.2676
7.343, 0.2681
7.3449, 0.2686
7.3469, 0.2692
7.3488, 0.2697
7.3508, 0.2702
7.3527, 0.2707
7.3547, 0.2711
7.3566, 0.2717
7.3586, 0.2722
7.3605, 0.2727
7.3625, 0.2732
7.3644, 0.2738
7.3644, 0.2743
7.3664, 0.2743
7.3683, 0.2748
7.3683, 0.2753
7.3703, 0.2758
7.3721, 0.2758
7.3721, 0.2763
7.3742, 0.2768
7.3742, 0.2772
7.3761, 0.2778
7.378, 0.2784
7.38, 0.2789
7.38, 0.2793
7.38, 0.2799
7.382, 0.2804
7.3839, 0.2809
7.3858, 0.2814
7.3878, 0.2819
7.3878, 0.2824
7.3897, 0.2824
7.3897, 0.2829
7.3917, 0.2835
7.3917, 0.284
7.3936, 0.2845
7.3956, 0.285
7.3975, 0.2854
7.3975, 0.286
7.3995, 0.2865
7.3995, 0.287
7.4014, 0.2875
7.4034, 0.288
7.4053, 0.288
7.4073, 0.2886
7.4092, 0.2891
7.4112, 0.2896
7.4131, 0.2901
7.4151, 0.2906
7.417, 0.2911
7.419, 0.2916
7.419, 0.2921
7.4209, 0.2926
7.4229, 0.2932
7.4248, 0.2937
7.4268, 0.2942
7.4287, 0.2947
7.4287, 0.2952
7.4307, 0.2957
7.4325, 0.2962
7.4346, 0.2967
7.4365, 0.2972
7.4385, 0.2978
7.4404, 0.2983
7.4424, 0.2983
7.4424, 0.2988
7.4424, 0.2993
7.4443, 0.2998
7.4463, 0.3003
7.4463, 0.3008
7.4482, 0.3013
7.4502, 0.3018
7.4521, 0.3023
7.4541, 0.3029
7.4541, 0.3034
7.456, 0.3039
7.458, 0.3044
7.458, 0.3049
7.4599, 0.3054
7.4599, 0.3059
7.4619, 0.3064
7.4638, 0.3069
7.4658, 0.3074
7.4677, 0.308
7.4697, 0.3085
7.4716, 0.309
7.4736, 0.3094
7.4736, 0.31
7.4755, 0.31
7.4775, 0.3105
7.4775, 0.311
7.4794, 0.3115
7.4814, 0.3115
7.4814, 0.312
7.4833, 0.3126
7.4853, 0.3131
7.4872, 0.3136
7.4891, 0.3141
7.491, 0.3146
7.4929, 0.3151
7.4929, 0.3155
7.4929, 0.3161
7.495, 0.3166
7.4969, 0.3172
7.4989, 0.3176
7.5008, 0.3182
7.5028, 0.3187
7.5028, 0.3192
7.5047, 0.3197
7.5067, 0.3202
7.5086, 0.3207
7.5106, 0.3212
7.5125, 0.3216
7.5145, 0.3223
7.5145, 0.3228
7.5164, 0.3233
7.5164, 0.3237
7.5164, 0.3243
7.5164, 0.3248
7.5184, 0.3253
7.5203, 0.3258
7.5203, 0.3263
7.5223, 0.3268
7.5223, 0.3274
7.5223, 0.3279
7.5223, 0.3284
7.5242, 0.3289
7.5262, 0.3294
7.5281, 0.3299
7.5281, 0.3304
7.5301, 0.3309
7.532, 0.3314
7.532, 0.3319
7.532, 0.3324
7.532, 0.333
7.534, 0.3335
7.5359, 0.334
7.5379, 0.3345
7.5379, 0.335
7.5398, 0.3355
7.5417, 0.336
7.5436, 0.3365
7.5457, 0.337
7.5476, 0.3376
7.5476, 0.3381
7.5495, 0.3386
7.5514, 0.3391
7.5534, 0.3396
7.5554, 0.3401
7.5554, 0.3406
7.5573, 0.3411
7.5573, 0.3416
7.5593, 0.3421
7.5612, 0.3427
7.5632, 0.3432
7.5632, 0.3437
7.5651, 0.3442
7.5671, 0.3447
7.569, 0.3452
7.571, 0.3457
7.571, 0.3462
7.5729, 0.3467
7.5749, 0.3472
7.5768, 0.3477
7.5768, 0.3483
7.5788, 0.3488
7.5807, 0.3493
7.5827, 0.3498
7.5827, 0.3503
7.5846, 0.3508
7.5846, 0.3513
7.5866, 0.3518
7.5885, 0.3523
7.5905, 0.3529
7.5905, 0.3534
7.5924, 0.3538
7.5944, 0.3544
7.5963, 0.3549
7.5963, 0.3554
7.5963, 0.3559
7.5963, 0.3564
7.5983, 0.3569
7.6002, 0.3574
7.6021, 0.358
7.604, 0.3585
7.6061, 0.359
7.608, 0.3595
7.608, 0.3599
7.6099, 0.3599
7.6099, 0.3605
7.6099, 0.361
7.6099, 0.3615
7.6118, 0.362
7.6139, 0.3625
7.6139, 0.3631
7.6138, 0.3636
7.6158, 0.3641
7.6177, 0.3646
7.6177, 0.3651
7.6177, 0.3656
7.6197, 0.366
7.6197, 0.3666
7.6216, 0.3666
7.6216, 0.3671
7.6236, 0.3676
7.6255, 0.3682
7.6275, 0.3687
7.6294, 0.3692
7.6314, 0.3697
7.6314, 0.3702
7.6314, 0.3707
7.6333, 0.3712
7.6353, 0.3717
7.6372, 0.3721
7.6372, 0.3727
7.6392, 0.3733
7.6411, 0.3738
7.6431, 0.3743
7.6431, 0.3748
7.645, 0.3753
7.645, 0.3758
7.647, 0.3763
7.647, 0.3768
7.6489, 0.3773
7.6509, 0.3778
7.6509, 0.3784
7.6509, 0.3789
7.6528, 0.3794
7.6528, 0.3799
7.6548, 0.3804
7.6548, 0.3809
7.6566, 0.3814
7.6587, 0.3819
7.6606, 0.3824
7.6606, 0.3829
7.6606, 0.3834
7.6606, 0.384
7.6625, 0.3845
7.6644, 0.385
7.6665, 0.3855
7.6684, 0.386
7.6703, 0.3865
7.6723, 0.387
7.6723, 0.3875
7.6723, 0.388
7.6723, 0.3885
7.6742, 0.3891
7.6742, 0.3896
7.6762, 0.3896
7.6762, 0.3901
7.6781, 0.3906
7.6781, 0.3911
7.6801, 0.3916
7.6801, 0.3921
7.682, 0.3921
7.684, 0.3926
7.684, 0.3931
7.6859, 0.3936
7.6859, 0.3942
7.6859, 0.3947
7.6879, 0.3952
7.6898, 0.3957
7.6898, 0.3961
7.6918, 0.3967
7.6937, 0.3972
7.6957, 0.3977
7.6957, 0.3982
7.6976, 0.3987
7.6976, 0.3993
7.6996, 0.3998
7.7015, 0.4003
7.7015, 0.4008
7.7035, 0.4013
7.7054, 0.4018
7.7054, 0.4022
7.7054, 0.4028
7.7074, 0.4033
7.7093, 0.4038
7.7093, 0.4043
7.7093, 0.4049
7.7093, 0.4054
7.7113, 0.4059
7.7132, 0.4064
7.7132, 0.4069
7.7132, 0.4074
7.7151, 0.4079
7.717, 0.4083
7.7191, 0.4089
7.721, 0.4094
7.721, 0.41
7.7229, 0.4104
7.7229, 0.411
7.7248, 0.4115
7.7248, 0.412
7.7268, 0.4125
7.7268, 0.413
7.7268, 0.4135
7.7268, 0.414
7.7288, 0.4144
7.7288, 0.415
7.7307, 0.415
7.7307, 0.4156
7.7327, 0.4161
7.7327, 0.4166
7.7346, 0.4171
7.7366, 0.4176
7.7385, 0.4181
7.7385, 0.4186
7.7405, 0.4191
7.7405, 0.4196
7.7424, 0.4201
7.7424, 0.4207
7.7444, 0.4212
7.7463, 0.4217
7.7463, 0.4222
7.7483, 0.4227
7.7483, 0.4232
7.7502, 0.4237
7.7502, 0.4242
7.7522, 0.4242
7.7522, 0.4247
7.7541, 0.4252
7.7561, 0.4252
7.7561, 0.4258
7.758, 0.4258
7.76, 0.4258
7.7619, 0.4258
7.7619, 0.4263
7.7639, 0.4268
7.7639, 0.4273
7.7658, 0.4273
7.7658, 0.4278
7.7678, 0.4283
7.7678, 0.4288
7.7697, 0.4293
7.7697, 0.4298
7.7717, 0.4298
7.7736, 0.4304
7.7736, 0.4309
7.7736, 0.4314
7.7736, 0.4319
7.7736, 0.4324
7.7736, 0.4329
7.7736, 0.4334
7.7755, 0.4339
7.7755, 0.4344
7.7774, 0.4349
7.7774, 0.4354
7.7793, 0.436
7.7793, 0.4365
7.7814, 0.437
7.7833, 0.4375
7.7833, 0.438
7.7852, 0.4385
7.7852, 0.439
7.7852, 0.4395
7.7872, 0.44
7.7872, 0.4405
7.7892, 0.441
7.7892, 0.4416
7.7892, 0.4421
7.7911, 0.4426
7.7911, 0.4431
7.7931, 0.4436
7.7931, 0.4441
7.795, 0.4445
7.795, 0.4451
7.797, 0.4456
7.797, 0.4461
7.7989, 0.4466
7.7989, 0.4472
7.8009, 0.4477
7.8009, 0.4482
7.8028, 0.4487
7.8028, 0.4492
7.8048, 0.4497
7.8048, 0.4502
7.8047, 0.4506
7.8047, 0.4512
7.8067, 0.4517
7.8086, 0.4517
7.8086, 0.4523
7.8086, 0.4527
7.8106, 0.4533
7.8125, 0.4538
7.8125, 0.4543
7.8145, 0.4548
7.8164, 0.4553
7.8184, 0.4558
7.8184, 0.4563
7.8203, 0.4567
7.8223, 0.4574
7.8223, 0.4579
7.8242, 0.4584
7.8262, 0.4588
7.8281, 0.4594
7.8281, 0.4599
7.8281, 0.4604
7.83, 0.4609
7.83, 0.4614
7.8319, 0.4619
7.8319, 0.4624
7.834, 0.463
7.834, 0.4635
7.834, 0.464
7.8359, 0.4645
7.8359, 0.465
7.8378, 0.4655
7.8378, 0.466
7.8378, 0.4665
7.8397, 0.467
7.8397, 0.4675
7.8418, 0.468
7.8418, 0.4686
7.8418, 0.4691
7.8437, 0.4696
7.8437, 0.4701
7.8437, 0.4706
7.8456, 0.4711
7.8456, 0.4716
7.8456, 0.4721
7.8476, 0.4726
7.8476, 0.4731
7.8476, 0.4736
7.8495, 0.4742
7.8495, 0.4747
7.8495, 0.4752
7.8495, 0.4757
7.8495, 0.4762
7.8515, 0.4767
7.8534, 0.4772
7.8534, 0.4777
7.8534, 0.4782
7.8534, 0.4787
7.8534, 0.4792
7.8554, 0.4797
7.8554, 0.4803
7.8554, 0.4808
7.8554, 0.4813
7.8573, 0.4818
7.8573, 0.4823
7.8593, 0.4828
7.8593, 0.4833
7.8593, 0.4838
7.8593, 0.4843
7.8612, 0.4848
7.8612, 0.4853
7.8632, 0.4859
7.8651, 0.4864
7.8651, 0.4868
7.8671, 0.4874
7.867, 0.4879
7.869, 0.4884
7.869, 0.4889
7.8709, 0.4889
7.8709, 0.4894
7.8709, 0.4899
7.8709, 0.4904
7.8709, 0.4909
7.8729, 0.4909
7.8748, 0.4915
7.8748, 0.492
7.8748, 0.4925
7.8748, 0.4929
7.8768, 0.4929
7.8787, 0.4935
7.8787, 0.494
7.8807, 0.4945
7.8826, 0.495
7.8826, 0.4955
7.8826, 0.496
7.8846, 0.4966
7.8846, 0.4971
7.8846, 0.4976
7.8846, 0.4981
7.8864, 0.4986
7.8864, 0.499
7.8864, 0.4996
7.8885, 0.5001
7.8904, 0.5006
7.8904, 0.5011
7.8904, 0.5016
7.8904, 0.5021
7.8904, 0.5027
7.8923, 0.5027
7.8942, 0.5032
7.8963, 0.5037
7.8963, 0.5042
7.8963, 0.5047
7.8963, 0.5051
7.8961, 0.5057
7.8982, 0.5062
7.9001, 0.5067
7.9001, 0.5072
7.9021, 0.5078
7.9021, 0.5083
7.9021, 0.5088
7.9021, 0.5093
7.904, 0.5098
7.906, 0.5103
7.906, 0.5108
7.906, 0.5112
7.906, 0.5118
7.906, 0.5123
7.9079, 0.5123
7.9099, 0.5128
7.9099, 0.5133
7.9099, 0.5139
7.9118, 0.5144
7.9118, 0.5149
7.9118, 0.5154
7.9118, 0.5159
7.9138, 0.5164
7.9157, 0.5169
7.9157, 0.5173
7.9177, 0.5179
7.9177, 0.5184
7.9177, 0.5189
7.9177, 0.5194
7.9196, 0.5194
7.9216, 0.52
7.9235, 0.5205
7.9235, 0.521
7.9235, 0.5215
7.9255, 0.522
7.9255, 0.5225
7.9255, 0.523
7.9255, 0.5234
7.9274, 0.524
7.9274, 0.5246
7.9274, 0.5251
7.9274, 0.5255
7.9293, 0.5261
7.9293, 0.5266
7.9313, 0.5271
7.9313, 0.5276
7.9313, 0.5281
7.9332, 0.5286
7.9332, 0.5291
7.9352, 0.5295
7.9352, 0.5301
7.9352, 0.5307
7.9371, 0.5312
7.9371, 0.5316
7.9371, 0.5322
7.9391, 0.5327
7.9391, 0.5332
7.9391, 0.5337
7.9391, 0.5342
7.9409, 0.5347
7.9409, 0.5352
7.9409, 0.5356
7.943, 0.5363
7.943, 0.5368
7.9449, 0.5373
7.9449, 0.5377
7.9449, 0.5383
7.9449, 0.5388
7.9468, 0.5393
7.9468, 0.5398
7.9468, 0.5403
7.9468, 0.5408
7.9468, 0.5413
7.9487, 0.5419
7.9506, 0.5424
7.9506, 0.5429
7.9506, 0.5434
7.9527, 0.5439
7.9527, 0.5444
7.9546, 0.5449
7.9546, 0.5453
7.9546, 0.5459
7.9566, 0.5464
7.9566, 0.5469
7.9566, 0.5474
7.9566, 0.548
7.9585, 0.5485
7.9585, 0.549
7.9605, 0.5495
7.9605, 0.55
7.9605, 0.5505
7.9605, 0.551
7.9605, 0.5514
7.9624, 0.552
7.9624, 0.5525
7.9624, 0.553
7.9624, 0.5535
7.9624, 0.5541
7.9644, 0.5546
7.9663, 0.5551
7.9663, 0.5556
7.9663, 0.5561
7.9663, 0.5566
7.9663, 0.5571
7.9682, 0.5575
7.9682, 0.5581
7.9702, 0.5581
7.9702, 0.5586
7.9721, 0.5592
7.9721, 0.5596
7.9741, 0.5602
7.9741, 0.5607
7.976, 0.5612
7.978, 0.5617
7.978, 0.5622
7.978, 0.5627
7.978, 0.5632
7.9799, 0.5636
7.9799, 0.5642
7.9819, 0.5648
7.9819, 0.5653
7.9838, 0.5657
7.9858, 0.5663
7.9858, 0.5668
7.9858, 0.5673
7.9877, 0.5678
7.9897, 0.5683
7.9897, 0.5688
7.9916, 0.5693
7.9916, 0.5697
7.9916, 0.5704
7.9936, 0.5709
7.9936, 0.5714
7.9955, 0.5718
7.9955, 0.5724
7.9955, 0.5729
7.9955, 0.5734
7.9975, 0.5739
7.9975, 0.5744
7.9994, 0.5749
7.9994, 0.5754
7.9994, 0.576
7.9994, 0.5765
7.9994, 0.577
8.0013, 0.5775
8.0033, 0.5779
8.0033, 0.5785
8.0033, 0.579
8.0052, 0.5795
8.0052, 0.58
8.0052, 0.5805
8.0052, 0.581
8.0072, 0.5816
8.0091, 0.5821
8.0111, 0.5826
8.0111, 0.5831
8.013, 0.5836
8.013, 0.584
8.013, 0.5846
8.015, 0.5851
8.015, 0.5856
8.015, 0.5861
8.0169, 0.5866
8.0169, 0.5872
8.0169, 0.5877
8.0169, 0.5882
8.0189, 0.5887
8.0208, 0.5892
8.0208, 0.5897
8.0208, 0.5901
8.0228, 0.5907
8.0228, 0.5912
8.0228, 0.5917
8.0247, 0.5922
8.0247, 0.5928
8.0247, 0.5933
8.0266, 0.5937
8.0266, 0.5943
8.0266, 0.5948
8.0286, 0.5953
8.0305, 0.5958
8.0305, 0.5963
8.0305, 0.5968
8.0325, 0.5973
8.0325, 0.5977
8.0325, 0.5984
8.0325, 0.5989
8.0325, 0.5994
8.0344, 0.5998
8.0344, 0.6004
8.0364, 0.6009
8.0364, 0.6014
8.0364, 0.6019
8.0383, 0.6024
8.0383, 0.6029
8.0383, 0.6034
8.0403, 0.6038
8.0403, 0.6045
8.0422, 0.605
8.0442, 0.6055
8.0442, 0.6059
8.0461, 0.6065
8.0461, 0.607
8.0461, 0.6075
8.0481, 0.608
8.0481, 0.6085
8.05, 0.609
8.05, 0.6096
8.05, 0.6101
8.0519, 0.6106
8.0519, 0.6111
8.0519, 0.6116
8.0539, 0.6116
8.0558, 0.6116
8.0578, 0.612
8.0578, 0.6126
8.0597, 0.6131
8.0597, 0.6136
8.0617, 0.6141
8.0636, 0.6147
8.0636, 0.6152
8.0636, 0.6157
8.0656, 0.6162
8.0656, 0.6167
8.0675, 0.6172
8.0675, 0.6177
8.0695, 0.6181
8.0695, 0.6187
8.0695, 0.6192
8.0714, 0.6197
8.0714, 0.6202
8.0714, 0.6208
8.0734, 0.6213
8.0734, 0.6218
8.0734, 0.6223
8.0753, 0.6228
8.0753, 0.6233
8.0753, 0.6238
8.0753, 0.6242
8.0753, 0.6248
8.0773, 0.6253
8.0773, 0.6258
8.0773, 0.6263
8.0792, 0.6269
8.0792, 0.6274
8.0812, 0.6279
8.0811, 0.6284
8.0831, 0.6289
8.0831, 0.6294
8.085, 0.6299
8.085, 0.6303
8.087, 0.6309
8.0889, 0.6315
8.0909, 0.6315
8.0909, 0.632
8.0909, 0.6324
8.0928, 0.633
8.0928, 0.6335
8.0948, 0.634
8.0948, 0.6345
8.0967, 0.635
8.0987, 0.6355
8.1006, 0.636
8.1006, 0.6364
8.1026, 0.6371
8.1045, 0.6376
8.1045, 0.6381
8.1045, 0.6385
8.1065, 0.6391
8.1065, 0.6396
8.1084, 0.6401
8.1084, 0.6406
8.1104, 0.6411
8.1123, 0.6416
8.1123, 0.6421
8.1143, 0.6427
8.1143, 0.6432
8.1143, 0.6437
8.1143, 0.6442
8.1162, 0.6447
8.1162, 0.6452
8.1182, 0.6452
8.1182, 0.6457
8.1201, 0.6461
8.1201, 0.6467
8.1221, 0.6472
8.1221, 0.6478
8.124, 0.6482
8.124, 0.6488
8.124, 0.6493
8.124, 0.6498
8.124, 0.6503
8.124, 0.6508
8.124, 0.6513
8.124, 0.6518
8.1259, 0.6522
8.1259, 0.6528
8.1279, 0.6533
8.1298, 0.6539
8.1298, 0.6543
8.1298, 0.6549
8.1298, 0.6554
8.1318, 0.6559
8.1318, 0.6564
8.1337, 0.6569
8.1337, 0.6574
8.1357, 0.6579
8.1357, 0.6583
8.1376, 0.659
8.1376, 0.6595
8.1376, 0.66
8.1376, 0.6604
8.1376, 0.661
8.1396, 0.6615
8.1396, 0.662
8.1396, 0.6625
8.1396, 0.663
8.1415, 0.6635
8.1415, 0.664
8.1435, 0.6644
8.1454, 0.6651
8.1454, 0.6656
8.1473, 0.6661
8.1473, 0.6665
8.1473, 0.6671
8.1493, 0.6676
8.1493, 0.6681
8.1512, 0.6686
8.1512, 0.6691
8.1532, 0.6691
8.1532, 0.6696
8.1532, 0.6701
8.1551, 0.6707
8.1551, 0.6712
8.1571, 0.6717
8.1571, 0.6722
8.159, 0.6726
8.159, 0.6732
8.161, 0.6737
8.161, 0.6742
8.1629, 0.6747
8.1629, 0.6752
8.1629, 0.6757
8.1629, 0.6763
8.1649, 0.6768
8.1649, 0.6773
8.1649, 0.6778
8.1668, 0.6783
8.1668, 0.6787
8.1668, 0.6793
8.1668, 0.6798
8.1668, 0.6803
8.1688, 0.6803
8.1707, 0.6808
8.1707, 0.6813
8.1727, 0.6819
8.1727, 0.6824
8.1727, 0.6829
8.1746, 0.6834
8.1746, 0.6839
8.1764, 0.6844
8.1764, 0.6848
8.1785, 0.6854
8.1785, 0.6859
8.1804, 0.6864
8.1804, 0.6869
8.1824, 0.6875
8.1824, 0.688
8.1843, 0.6885
8.1843, 0.689
8.1863, 0.6895
8.1863, 0.69
8.1863, 0.6905
8.1882, 0.6909
8.1882, 0.6915
8.1902, 0.692
8.1902, 0.6926
8.1921, 0.6931
8.1921, 0.6936
8.1941, 0.6941
8.196, 0.6945
8.196, 0.6951
8.196, 0.6956
8.198, 0.6961
8.198, 0.6966
8.1999, 0.6971
8.1999, 0.6976
8.1999, 0.6982
8.1999, 0.6987
8.2019, 0.6992
8.2038, 0.6997
8.2058, 0.7002
8.2077, 0.7006
8.2077, 0.7012
8.2097, 0.7017
8.2097, 0.7022
8.2096, 0.7027
8.2096, 0.7032
8.2096, 0.7038
8.2116, 0.7043
8.2116, 0.7048
8.2135, 0.7048
8.2135, 0.7053
8.2155, 0.7058
8.2155, 0.7063
8.2174, 0.7063
8.2194, 0.7067
8.2213, 0.7067
8.2213, 0.7073
8.2233, 0.7078
8.2252, 0.7084
8.2252, 0.7088
8.2272, 0.7094
8.2291, 0.7099
8.2291, 0.7104
8.2311, 0.7109
8.233, 0.7114
8.233, 0.7119
8.2349, 0.7124
8.2349, 0.7128
8.2368, 0.7128
8.2368, 0.7135
8.2389, 0.714
8.2389, 0.7145
8.2408, 0.7149
8.2428, 0.7155
8.2447, 0.716
8.2447, 0.7165
8.2467, 0.717
8.2486, 0.7175
8.2506, 0.718
8.2506, 0.7186
8.2525, 0.7186
8.2525, 0.7191
8.2545, 0.7196
8.2545, 0.7201
8.2564, 0.7201
8.2564, 0.7206
8.2584, 0.721
8.2584, 0.7216
8.2603, 0.7221
8.2623, 0.7226
8.2623, 0.7231
8.2642, 0.7237
8.2662, 0.7242
8.2681, 0.7247
8.2701, 0.7252
8.272, 0.7257
8.272, 0.7262
8.272, 0.7267
8.274, 0.7271
8.2739, 0.7277
8.2739, 0.7282
8.2759, 0.7288
8.2778, 0.7292
8.2798, 0.7298
8.2817, 0.7303
8.2837, 0.7308
8.2837, 0.7313
8.2856, 0.7318
8.2856, 0.7323
8.2856, 0.7328
8.2876, 0.7332
8.2894, 0.7339
8.2894, 0.7344
8.2915, 0.7349
8.2934, 0.7354
8.2934, 0.7359
8.2953, 0.7364
8.2953, 0.7368
8.2973, 0.7374
8.2973, 0.7379
8.2993, 0.7384
8.3012, 0.7389
8.3032, 0.7395
8.3051, 0.74
8.3051, 0.7405
8.3071, 0.741
8.309, 0.7415
8.311, 0.742
8.3129, 0.7425
8.3129, 0.7429
8.3149, 0.7435
8.3168, 0.7441
8.3168, 0.7446
8.3188, 0.745
8.3207, 0.7456
8.3227, 0.7461
8.3246, 0.7466
8.3266, 0.7471
8.3285, 0.7476
8.3305, 0.7481
8.3324, 0.7487
8.3344, 0.7492
8.3363, 0.7497
8.3363, 0.7502
8.3383, 0.7507
8.3402, 0.7511
8.3422, 0.7511
8.3441, 0.7517
8.3461, 0.7522
8.3479, 0.7527
8.3479, 0.7532
8.35, 0.7538
8.3519, 0.7543
8.3538, 0.7548
8.3558, 0.7553
8.3578, 0.7558
8.3597, 0.7558
8.3617, 0.7558
8.3617, 0.7563
8.3636, 0.7563
8.3636, 0.7568
8.3656, 0.7568
8.3656, 0.7572
8.3675, 0.7572
8.3695, 0.7574
8.3714, 0.7579
8.3714, 0.7584
8.3734, 0.7589
8.3753, 0.7593
8.3773, 0.7599
8.3792, 0.7604
8.3792, 0.7609
8.3812, 0.7609
8.3811, 0.7614
8.3831, 0.7619
8.385, 0.7625
8.387, 0.763
8.3889, 0.7635
8.3889, 0.764
8.3909, 0.7645
8.3928, 0.765
8.3948, 0.7654
8.3948, 0.766
8.3948, 0.7665
8.3967, 0.767
8.3987, 0.7671
8.4006, 0.7675
8.4026, 0.7681
8.4045, 0.7686
8.4064, 0.7691
8.4083, 0.7691
8.4104, 0.7691
8.4123, 0.7691
8.4143, 0.7691
8.4143, 0.7696
8.4162, 0.7696
8.4182, 0.7696
8.4201, 0.7701
8.4221, 0.7706
8.4221, 0.7711
8.424, 0.7717
8.426, 0.7717
8.4279, 0.7722
8.4299, 0.7727
8.4318, 0.7727
8.4338, 0.7732
8.4357, 0.7732
8.4357, 0.7737
8.4377, 0.7737
8.4396, 0.7742
8.4416, 0.7747
8.4435, 0.7748
8.4435, 0.7753
8.4455, 0.7758
8.4474, 0.7758
8.4494, 0.7763
8.4513, 0.7763
8.4533, 0.7768
8.4552, 0.7768
8.4572, 0.7772
8.4591, 0.7778
8.4611, 0.7778
8.463, 0.7783
8.465, 0.7783
8.467, 0.7783
8.4689, 0.7784
8.4708, 0.7784
8.4727, 0.7789
8.4748, 0.7789
8.4767, 0.7793
8.4787, 0.7793
8.4806, 0.7793
8.4826, 0.7793
8.4845, 0.7793
8.4865, 0.7793
8.4884, 0.7793
8.4904, 0.7793
8.4923, 0.7793
8.4943, 0.7793
8.4962, 0.7793
8.4982, 0.7793
8.5001, 0.7793
8.5021, 0.7793
8.504, 0.7793
8.506, 0.7799
8.5079, 0.7799
8.5099, 0.78
8.5118, 0.78
8.5138, 0.78
8.5157, 0.78
8.5177, 0.78
8.5196, 0.78
8.5215, 0.78
8.5234, 0.7795
8.5255, 0.7795
8.5274, 0.779
8.5293, 0.779
8.5314, 0.779
8.5333, 0.779
8.5352, 0.7785
8.5372, 0.778
8.5392, 0.7774
8.5411, 0.777
8.5431, 0.777
8.545, 0.777
8.547, 0.7765
8.5489, 0.776
8.5509, 0.7755
8.5509, 0.775
8.5528, 0.775
8.5548, 0.7745
8.5548, 0.7739
8.5567, 0.7734
8.5587, 0.7734
8.5587, 0.7729
8.5607, 0.7724
8.5626, 0.7719
8.5626, 0.7713
8.5646, 0.7709
8.5665, 0.7704
8.5685, 0.7699
8.5704, 0.7694
8.5724, 0.7689
8.5743, 0.7684
8.5763, 0.7679
8.5782, 0.7673
8.5802, 0.7669
8.5821, 0.7664
8.584, 0.7659
8.5861, 0.7654
8.588, 0.7649
8.588, 0.7644
8.5899, 0.7639
8.5918, 0.7633
8.5918, 0.7628
8.5939, 0.7629
8.5958, 0.7629
8.5977, 0.7629
8.5977, 0.7624
8.5997, 0.7624
8.6017, 0.7624
8.6036, 0.7624
8.6056, 0.7619
8.6075, 0.7619
8.6095, 0.7614
8.6095, 0.7608
8.6114, 0.7609
8.6114, 0.7603
8.6134, 0.7598
8.6154, 0.7593
8.6154, 0.7588
8.6173, 0.7588
8.6193, 0.7583
8.6193, 0.7578
8.6212, 0.7572
8.6232, 0.7572
8.6232, 0.7568
8.6251, 0.7563
8.6251, 0.7558
8.6271, 0.7558
8.6271, 0.7553
8.629, 0.7548
8.629, 0.7543
8.631, 0.7538
8.631, 0.7532
8.6329, 0.7528
8.6329, 0.7523
8.6329, 0.7518
8.6349, 0.7513
8.6369, 0.7507
8.6388, 0.7502
8.6388, 0.7497
8.6408, 0.7492
8.6427, 0.7487
8.6447, 0.7482
8.6465, 0.7477
8.6486, 0.7471
8.6505, 0.7467
8.6505, 0.7462
8.6524, 0.7457
8.6524, 0.7452
8.6524, 0.7447
8.6543, 0.7442
8.6543, 0.7437
8.6564, 0.7431
8.6564, 0.7427
8.6583, 0.7422
8.6583, 0.7417
8.6583, 0.741
8.6602, 0.7406
8.6602, 0.7401
8.6623, 0.7396
8.6642, 0.7391
8.6642, 0.7386
8.6662, 0.7381
8.6662, 0.7376
8.6662, 0.737
8.6662, 0.7366
8.6681, 0.7361
8.6701, 0.7356
8.672, 0.7351
8.672, 0.7346
8.6721, 0.7341
8.674, 0.7336
8.674, 0.733
8.676, 0.7325
8.676, 0.732
8.6779, 0.7315
8.6779, 0.7309
8.6779, 0.7305
8.6799, 0.73
8.6799, 0.7295
8.6799, 0.729
8.6818, 0.7285
8.6818, 0.728
8.6818, 0.7275
8.6818, 0.7269
8.6838, 0.7265
8.6857, 0.726
8.6877, 0.7255
8.6897, 0.725
8.6897, 0.7245
8.6897, 0.7239
8.6897, 0.7234
8.6897, 0.7229
8.6916, 0.7224
8.6916, 0.7219
8.6936, 0.7219
8.6936, 0.7214
8.6936, 0.7208
8.6955, 0.7204
8.6955, 0.7199
8.6955, 0.7194
8.6975, 0.7189
8.6975, 0.7184
8.6994, 0.7179
8.6994, 0.7174
8.6994, 0.7168
8.7014, 0.7164
8.7014, 0.7158
8.7034, 0.7153
8.7034, 0.7147
8.7053, 0.7143
8.7053, 0.7138
8.7073, 0.7133
8.7073, 0.7128
8.7073, 0.7123
8.7073, 0.7118
8.7073, 0.7113
8.7092, 0.7107
8.7092, 0.7103
8.7112, 0.7098
8.7112, 0.7093
8.713, 0.7088
8.713, 0.7083
8.7151, 0.7078
8.7151, 0.7072
8.7151, 0.7067
8.7151, 0.7062
8.7151, 0.7057
8.7151, 0.7052
8.7151, 0.7046
8.7151, 0.7042
8.7151, 0.7037
8.717, 0.7032
8.7189, 0.7027
8.7189, 0.7022
8.721, 0.7017
8.721, 0.7012
8.7229, 0.7006
8.7229, 0.7002
8.7229, 0.6996
8.7229, 0.6991
8.7248, 0.6985
8.7248, 0.6981
8.7248, 0.6976
8.7268, 0.6971
8.7268, 0.6966
8.7288, 0.6961
8.7288, 0.6956
8.7308, 0.6951
8.7308, 0.6945
8.7308, 0.6941
8.7308, 0.6936
8.7308, 0.6931
8.7308, 0.6926
8.7327, 0.692
8.7327, 0.6915
8.7347, 0.6909
8.7347, 0.6905
8.7347, 0.69
8.7347, 0.6895
8.7347, 0.689
8.7366, 0.6885
8.7366, 0.688
8.7386, 0.6875
8.7386, 0.687
8.7406, 0.6865
8.7406, 0.686
8.7425, 0.6855
8.7425, 0.685
8.7425, 0.6844
8.7445, 0.6839
8.7445, 0.6834
8.7445, 0.6829
8.7445, 0.6824
8.7445, 0.6819
8.7464, 0.6814
8.7464, 0.6808
8.7464, 0.6804
8.7464, 0.6799
8.7484, 0.6794
8.7484, 0.6789
8.7484, 0.6784
8.7503, 0.6779
8.7503, 0.6774
8.7503, 0.6768
8.7504, 0.6763
8.7523, 0.6758
8.7523, 0.6753
8.7523, 0.6747
8.7543, 0.6743
8.7543, 0.6738
8.7562, 0.6733
8.7562, 0.6728
8.7582, 0.6723
8.7582, 0.6718
8.7582, 0.6713
8.7601, 0.6707
8.7601, 0.6703
8.7621, 0.6698
8.7621, 0.6693
8.7621, 0.6688
8.764, 0.6682
8.764, 0.6677
8.764, 0.6672
8.766, 0.6667
8.766, 0.6662
8.768, 0.6657
8.768, 0.6652
8.768, 0.6646
8.768, 0.6642
8.768, 0.6637
8.768, 0.6632
8.7699, 0.6627
8.7719, 0.6622
8.7719, 0.6617
8.7719, 0.6612
8.7738, 0.6606
8.7738, 0.6601
8.7738, 0.6596
8.7738, 0.6591
8.7738, 0.6585
8.7738, 0.6581
8.7758, 0.6576
8.7758, 0.6571
8.7758, 0.6566
8.7758, 0.6561
8.7758, 0.6556
8.7778, 0.6551
8.7778, 0.6545
8.7797, 0.6541
8.7797, 0.6536
8.7797, 0.6531
8.7816, 0.6524
8.7816, 0.652
8.7816, 0.6515
8.7816, 0.651
8.7835, 0.6505
8.7835, 0.65
8.7835, 0.6495
8.7835, 0.649
8.7856, 0.6484
8.7856, 0.648
8.7856, 0.6475
8.7856, 0.647
8.7856, 0.6465
8.7856, 0.646
8.7856, 0.6454
8.7856, 0.6449
8.7856, 0.6444
8.7875, 0.6439
8.7875, 0.6434
8.7894, 0.6429
8.7915, 0.6423
8.7915, 0.6419
8.7934, 0.6414
8.7934, 0.6409
8.7953, 0.6404
8.7953, 0.6399
8.7953, 0.6394
8.7953, 0.6389
8.7953, 0.6383
8.7953, 0.6379
8.7953, 0.6373
8.7953, 0.6368
8.7953, 0.6362
8.7974, 0.6358
8.7993, 0.6353
8.8013, 0.6348
8.8013, 0.6343
8.8013, 0.6338
8.8032, 0.6333
8.8032, 0.6328
8.8052, 0.6328
8.8052, 0.6322
8.8052, 0.6318
8.8052, 0.6313
8.8071, 0.6308
8.8071, 0.6303
8.8071, 0.6298
8.8071, 0.6292
8.8071, 0.6287
8.8071, 0.6282
8.8091, 0.6277
8.8091, 0.6272
8.8091, 0.6267
8.8091, 0.6261
8.8091, 0.6257
8.8111, 0.6252
8.8111, 0.6247
8.8111, 0.6242
8.8111, 0.6237
8.813, 0.6232
8.813, 0.6227
8.815, 0.6221
8.815, 0.6216
8.815, 0.6211
8.8169, 0.6206
8.8169, 0.62
8.8169, 0.6196
8.8169, 0.6191
8.8169, 0.6186
8.8169, 0.6181
8.8169, 0.6176
8.8169, 0.6171
8.8189, 0.6166
8.8189, 0.616
8.8209, 0.6156
8.8209, 0.6151
8.8228, 0.6146
8.8228, 0.6139
8.8248, 0.6135
8.8248, 0.613
8.8248, 0.6125
8.8248, 0.612
8.8248, 0.6115
8.8248, 0.611
8.8267, 0.6105
8.8267, 0.6099
8.8287, 0.6095
8.8287, 0.609
8.8306, 0.6085
8.8306, 0.608
8.8306, 0.6075
8.8307, 0.607
8.8326, 0.6065
8.8326, 0.6059
8.8346, 0.6054
8.8346, 0.6049
8.8346, 0.6044
8.8346, 0.6038
8.8365, 0.6034
8.8365, 0.6029
8.8365, 0.6024
8.8365, 0.6019
8.8365, 0.6014
8.8385, 0.6009
8.8385, 0.6004
8.8404, 0.5998
8.8404, 0.5994
8.8424, 0.5989
8.8424, 0.5983
8.8424, 0.5977
8.8424, 0.5973
8.8424, 0.5968
8.8444, 0.5963
8.8444, 0.5958
8.8444, 0.5953
8.8463, 0.5948
8.8463, 0.5943
8.8463, 0.5937
8.8463, 0.5933
8.8483, 0.5928
8.8483, 0.5923
8.8483, 0.5918
8.8483, 0.5913
8.8483, 0.5907
8.8502, 0.5901
8.8502, 0.5897
8.8502, 0.5892
8.8502, 0.5887
8.8521, 0.5882
8.8521, 0.5877
8.8521, 0.5872
8.8521, 0.5867
8.8521, 0.5862
8.8521, 0.5857
8.8542, 0.5852
8.8542, 0.5847
8.8561, 0.5842
8.8561, 0.5836
8.8561, 0.5831
8.8561, 0.5826
8.8561, 0.5821
8.858, 0.5816
8.858, 0.5811
8.858, 0.5806
8.858, 0.58
8.858, 0.5796
8.8599, 0.5791
8.8599, 0.5786
8.8599, 0.5781
8.8599, 0.5776
8.8599, 0.5771
8.862, 0.5766
8.862, 0.576
8.862, 0.5755
8.862, 0.575
8.862, 0.5745
8.862, 0.5739
8.8639, 0.5735
8.8639, 0.573
8.8659, 0.573
8.8659, 0.5725
8.8679, 0.572
8.8679, 0.5715
8.8679, 0.571
8.8679, 0.5705
8.8698, 0.5699
8.8698, 0.5695
8.8698, 0.569
8.8698, 0.5685
8.8698, 0.5678
8.8698, 0.5674
8.8698, 0.5669
8.8718, 0.5664
8.8718, 0.5659
8.8718, 0.5654
8.8738, 0.5649
8.8738, 0.5644
8.8738, 0.5638
8.8738, 0.5634
8.8738, 0.5629
8.8738, 0.5624
8.8757, 0.5619
8.8757, 0.5614
8.8777, 0.5609
8.8796, 0.5603
8.8796, 0.5598
8.8796, 0.5593
8.8816, 0.5588
8.8816, 0.5583
8.8816, 0.5577
8.8816, 0.5573
8.8816, 0.5568
8.8836, 0.5563
8.8836, 0.5558
8.8855, 0.5553
8.8855, 0.5548
8.8855, 0.5543
8.8875, 0.5543
8.8875, 0.5537
8.8894, 0.5533
8.8894, 0.5528
8.8894, 0.5522
8.8894, 0.5516
8.8894, 0.5512
8.8914, 0.5507
8.8914, 0.5502
8.8933, 0.5497
8.8933, 0.5492
8.8933, 0.5487
8.8933, 0.5482
8.8933, 0.5476
8.8953, 0.5472
8.8953, 0.5467
8.8953, 0.5462
8.8953, 0.5457
8.8973, 0.5452
8.8973, 0.5446
8.8973, 0.5441
8.8973, 0.5436
8.8992, 0.5431
8.8992, 0.5426
8.8992, 0.5421
8.8992, 0.5415
8.8992, 0.5411
8.8992, 0.5406
8.8992, 0.5401
8.9012, 0.5396
8.9031, 0.5391
8.9031, 0.5386
8.9051, 0.5381
8.9051, 0.5375
8.9051, 0.537
8.9051, 0.5365
8.9071, 0.536
8.909, 0.5354
8.911, 0.535
8.911, 0.5345
8.911, 0.534
8.911, 0.5335
8.911, 0.533
8.911, 0.5325
8.911, 0.532
8.9129, 0.5314
8.9129, 0.531
8.9129, 0.5305
8.9129, 0.53
8.9129, 0.5293
8.9149, 0.5289
8.9149, 0.5284
8.9149, 0.5279
8.9167, 0.5274
8.9167, 0.5269
8.9169, 0.5264
8.9188, 0.5264
8.9188, 0.5259
8.9188, 0.5253
8.9188, 0.5249
8.9188, 0.5244
8.9188, 0.5239
8.9188, 0.5234
8.9207, 0.5229
8.9207, 0.5224
8.9207, 0.5218
8.9226, 0.5213
8.9226, 0.5208
8.9226, 0.5203
8.9247, 0.5198
8.9247, 0.5192
8.9266, 0.5188
8.9266, 0.5183
8.9266, 0.5178
8.9266, 0.5173
8.9266, 0.5168
8.9285, 0.5163
8.9285, 0.5158
8.9285, 0.5152
8.9285, 0.5148
8.9306, 0.5143
8.9306, 0.5137
8.9325, 0.5131
8.9325, 0.5127
8.9344, 0.5122
8.9344, 0.5117
8.9364, 0.5112
8.9364, 0.5107
8.9364, 0.5102
8.9364, 0.5097
8.9364, 0.5091
8.9364, 0.5087
8.9384, 0.5082
8.9384, 0.5077
8.9384, 0.5072
8.9384, 0.5067
8.9384, 0.5061
8.9404, 0.5056
8.9404, 0.5051
8.9404, 0.5046
8.9404, 0.5041
8.9404, 0.5036
8.9404, 0.503
8.9423, 0.503
8.9443, 0.5026
8.9443, 0.5021
8.9443, 0.5016
8.9443, 0.5011
8.9462, 0.5006
8.9462, 0.5001
8.9462, 0.4996
8.9482, 0.499
8.9482, 0.4986
8.9501, 0.498
8.9501, 0.4975
8.9501, 0.4969
8.9521, 0.4965
8.9521, 0.496
8.9521, 0.4955
8.9521, 0.495
8.9521, 0.4945
8.9541, 0.494
8.9541, 0.4935
8.9541, 0.4929
8.956, 0.4925
8.956, 0.492
8.956, 0.4915
8.958, 0.4915
8.958, 0.491
8.958, 0.4904
8.958, 0.4899
8.9599, 0.4894
8.9599, 0.4889
8.9619, 0.4884
8.9619, 0.4879
8.9619, 0.4874
8.9619, 0.4868
8.9639, 0.4864
8.9639, 0.4859
8.9639, 0.4854
8.9639, 0.4849
8.9658, 0.4844
8.9658, 0.4839
8.9678, 0.4834
8.9678, 0.4828
8.9678, 0.4823
8.9678, 0.4818
8.9678, 0.4813
8.9697, 0.4813
8.9697, 0.4808
8.9717, 0.4808
8.9717, 0.4803
8.9736, 0.4798
8.9736, 0.4793
8.9736, 0.4788
8.9736, 0.4783
8.9736, 0.4778
8.9736, 0.4773
8.9737, 0.4768
8.9737, 0.4763
8.9737, 0.4758
8.9737, 0.4752
8.9737, 0.4747
8.9737, 0.4742
8.9756, 0.4737
8.9756, 0.4732
8.9776, 0.4727
8.9776, 0.4722
8.9776, 0.4717
8.9776, 0.4712
8.9776, 0.4707
8.9776, 0.4702
8.9776, 0.4697
8.9795, 0.4692
8.9795, 0.4687
8.9795, 0.4682
8.9815, 0.4677
8.9815, 0.4671
8.9815, 0.4666
8.9815, 0.4661
8.9815, 0.4656
8.9815, 0.4651
8.9815, 0.4646
8.9815, 0.4641
8.9815, 0.4636
8.9815, 0.4631
8.9815, 0.4626
8.9835, 0.4621
8.9835, 0.4616
8.9835, 0.4611
8.9835, 0.4605
8.9835, 0.46
8.9815, 0.4595
8.9815, 0.459
8.9815, 0.4585
8.9815, 0.458
8.9835, 0.4575
8.9835, 0.457
8.9854, 0.4565
8.9854, 0.456
8.9874, 0.4555
8.9874, 0.455
8.9893, 0.4545
8.9893, 0.454
8.9893, 0.4535
8.9893, 0.4529
8.9893, 0.4524
8.9893, 0.4519
8.9893, 0.4514
8.9912, 0.4509
8.9912, 0.4504
8.9912, 0.4499
8.9912, 0.4494
8.9933, 0.4489
8.9933, 0.4484
8.9952, 0.4479
8.9952, 0.4474
8.9971, 0.4469
8.9971, 0.4464
8.999, 0.4459
8.9992, 0.4453
9.0011, 0.4447
9.0011, 0.4443
9.0011, 0.4438
9.0031, 0.4433
9.0031, 0.4428
9.0031, 0.4423
9.0031, 0.4418
9.0031, 0.4413
9.0031, 0.4408
9.005, 0.4403
9.005, 0.4398
9.005, 0.4393
9.005, 0.4388
9.005, 0.4383
9.007, 0.4378
9.007, 0.4372
9.0089, 0.4367
9.0089, 0.4362
9.0109, 0.4357
9.0109, 0.4352
9.0129, 0.4346
9.0129, 0.4342
9.0148, 0.4337
9.0148, 0.4332
9.0148, 0.4327
9.0148, 0.4322
9.0148, 0.4317
9.0148, 0.4312
9.0148, 0.4307
9.0148, 0.4302
9.0168, 0.4296
9.0168, 0.4291
9.0187, 0.4285
9.0187, 0.4281
9.0187, 0.4276
9.0187, 0.4271
9.0207, 0.4266
9.0207, 0.4261
9.0207, 0.4256
9.0227, 0.4251
9.0227, 0.4245
9.0227, 0.4241
9.0227, 0.4236
9.0227, 0.4231
9.0227, 0.4226
9.0246, 0.422
9.0246, 0.4215
9.0246, 0.421
9.0266, 0.4205
9.0266, 0.42
9.0285, 0.4195
9.0285, 0.419
9.0285, 0.4184
9.0285, 0.418
9.0305, 0.418
9.0305, 0.4175
9.0305, 0.417
9.0305, 0.4165
9.0324, 0.416
9.0325, 0.4155
9.0325, 0.415
9.0325, 0.4144
9.0344, 0.4139
9.0344, 0.4134
9.0344, 0.4129
9.0344, 0.4123
9.0364, 0.4119
9.0364, 0.4114
9.0364, 0.4109
9.0383, 0.4104
9.0383, 0.4099
9.0383, 0.4094
9.0383, 0.4089
9.0383, 0.4083
9.0383, 0.4079
9.0403, 0.4074
9.0403, 0.4068
9.0403, 0.4062
9.0403, 0.4058
9.0403, 0.4053
9.0423, 0.4048
9.0423, 0.4043
9.0423, 0.4038
9.0442, 0.4033
9.0442, 0.4028
9.0442, 0.4022
9.0442, 0.4018
9.0462, 0.4013
9.0462, 0.4008
9.0462, 0.4003
9.0481, 0.3998
9.0481, 0.3993
9.0481, 0.3987
9.0481, 0.3982
9.0501, 0.3977
9.0501, 0.3972
9.0501, 0.3967
9.0501, 0.3961
9.052, 0.3957
9.052, 0.3952
9.0521, 0.3947
9.054, 0.3942
9.054, 0.3937
9.054, 0.3932
9.056, 0.3927
9.056, 0.3921
9.056, 0.3917
9.056, 0.3911
9.056, 0.3906
9.056, 0.3901
9.0579, 0.3896
9.0579, 0.3891
9.0579, 0.3886
9.0599, 0.3881
9.0599, 0.3876
9.0599, 0.3871
9.0599, 0.3866
9.0599, 0.386
9.0599, 0.3856
9.0618, 0.3851
9.0619, 0.3846
9.0638, 0.3841
9.0638, 0.3835
9.0638, 0.383
9.0658, 0.3825
9.0658, 0.382
9.0658, 0.3815
9.0677, 0.381
9.0677, 0.3805
9.0697, 0.38
9.0697, 0.3795
9.0697, 0.379
9.0716, 0.3785
9.0716, 0.378
9.0716, 0.3775
9.0716, 0.377
9.0735, 0.3765
9.0735, 0.3759
9.0735, 0.3754
9.0756, 0.3749
9.0756, 0.3744
9.0756, 0.3739
9.0775, 0.3734
9.0775, 0.3729
9.0775, 0.3724
9.0775, 0.3719
9.0775, 0.3714
9.0775, 0.3709
9.0775, 0.3704
9.0795, 0.3699
9.0795, 0.3694
9.0814, 0.3689
9.0814, 0.3683
9.0814, 0.3678
9.0814, 0.3673
9.0814, 0.3668
9.0814, 0.3663
9.0834, 0.3658
9.0834, 0.3653
9.0834, 0.3648
9.0854, 0.3643
9.0854, 0.3638
9.0873, 0.3633
9.0873, 0.3628
9.0893, 0.3623
9.0893, 0.3618
9.0912, 0.3613
9.0912, 0.3608
9.0912, 0.3602
9.0912, 0.3597
9.0912, 0.3592
9.0912, 0.3587
9.0912, 0.3582
9.0912, 0.3577
9.0912, 0.3572
9.0932, 0.3567
9.0932, 0.3562
9.0932, 0.3557
9.0932, 0.3552
9.0932, 0.3547
9.0932, 0.3542
9.0952, 0.3537
9.0952, 0.3531
9.0971, 0.3532
9.0971, 0.3526
9.0991, 0.3521
9.0991, 0.3516
9.0991, 0.3511
9.101, 0.3506
9.101, 0.3501
9.103, 0.3496
9.103, 0.3491
9.103, 0.3486
9.103, 0.3481
9.1049, 0.3476
9.1049, 0.3471
9.1049, 0.3466
9.1049, 0.3461
9.1049, 0.3456
9.1069, 0.345
9.1069, 0.3445
9.1069, 0.3439
9.1069, 0.3435
9.1089, 0.343
9.1089, 0.3425
9.1089, 0.342
9.1089, 0.3415
9.1089, 0.341
9.1108, 0.3405
9.1108, 0.34
9.1108, 0.3395
9.1128, 0.339
9.1128, 0.3385
9.1128, 0.338
9.1128, 0.3374
9.1128, 0.3369
9.1128, 0.3364
9.1128, 0.3359
9.1147, 0.3354
9.1167, 0.3349
9.1167, 0.3344
9.1167, 0.3338
9.1167, 0.3334
9.1167, 0.3329
9.1187, 0.3324
9.1187, 0.3319
9.1187, 0.3314
9.1206, 0.3309
9.1206, 0.3304
9.1206, 0.3298
9.1226, 0.3293
9.1226, 0.3288
9.1226, 0.3283
9.1245, 0.3277
9.1245, 0.3273
9.1245, 0.3268
9.1265, 0.3268
9.1265, 0.3263
9.1265, 0.3258
9.1284, 0.3253
9.1285, 0.3248
9.1285, 0.3243
9.1304, 0.3237
9.1304, 0.3233
9.1304, 0.3228
9.1324, 0.3223
9.1324, 0.3216
9.1324, 0.3212
9.1324, 0.3207
9.1343, 0.3202
9.1343, 0.3197
9.1343, 0.3192
9.1363, 0.3187
9.1363, 0.3182
9.1363, 0.3176
9.1381, 0.3172
9.1402, 0.3167
9.1402, 0.3162
9.1421, 0.3157
9.1441, 0.3152
9.1461, 0.3147
9.1461, 0.3142
9.1461, 0.3136
9.148, 0.3131
9.148, 0.3126
9.15, 0.3121
9.15, 0.3115
9.1519, 0.3115
9.1519, 0.3111
9.1519, 0.3106
9.1539, 0.3101
9.1539, 0.3096
9.1539, 0.3091
9.1558, 0.3086
9.1558, 0.3081
9.1558, 0.3075
9.1558, 0.3071
9.1558, 0.3066
9.1558, 0.3061
9.1578, 0.3056
9.1578, 0.305
9.1598, 0.305
9.1598, 0.3045
9.1598, 0.304
9.1598, 0.3035
9.1598, 0.303
9.1598, 0.3025
9.1617, 0.302
9.1617, 0.3014
9.1637, 0.301
9.1637, 0.3005
9.1656, 0.3
9.1656, 0.2995
9.1676, 0.299
9.1676, 0.2985
9.1676, 0.298
9.1695, 0.2974
9.1695, 0.2969
9.1696, 0.2964
9.1696, 0.2959
9.1696, 0.2953
9.1696, 0.2949
9.1696, 0.2944
9.1696, 0.2939
9.1696, 0.2934
9.1696, 0.2929
9.1696, 0.2924
9.1696, 0.2919
9.1696, 0.2913
9.1715, 0.2909
9.1715, 0.2903
9.1715, 0.2898
9.1735, 0.2893
9.1735, 0.2888
9.1735, 0.2883
9.1754, 0.2878
9.1754, 0.2873
9.1754, 0.2868
9.1754, 0.2863
9.1774, 0.2858
9.1774, 0.2852
9.1774, 0.2848
9.1794, 0.2843
9.1794, 0.2838
9.1794, 0.2833
9.1794, 0.2827
9.1813, 0.2822
9.1813, 0.2817
9.1813, 0.2812
9.1813, 0.2807
9.1833, 0.2802
9.1833, 0.2797
9.1833, 0.2792
9.1833, 0.2787
9.1833, 0.2782
9.1852, 0.2777
9.1852, 0.2772
9.1852, 0.2767
9.1872, 0.2762
9.1872, 0.2757
9.1892, 0.2752
9.1892, 0.2746
9.1892, 0.2741
9.1892, 0.2736
9.1892, 0.2731
9.1911, 0.2726
9.1931, 0.2721
9.1931, 0.2716
9.1931, 0.2711
9.195, 0.2706
9.195, 0.2701
9.195, 0.2696
9.197, 0.2691
9.197, 0.2686
9.197, 0.2681
9.1989, 0.2676
9.1989, 0.2671
9.1989, 0.2665
9.2009, 0.266
9.2009, 0.2655
9.2009, 0.265
9.2029, 0.2645
9.2029, 0.264
9.2029, 0.2635
9.2029, 0.263
9.2048, 0.2625
9.2068, 0.262
9.2068, 0.2615
9.2068, 0.261
9.2086, 0.2605
9.2086, 0.26
9.2086, 0.2595
9.2107, 0.259
9.2107, 0.2584
9.2107, 0.2579
9.2126, 0.2574
9.2126, 0.2569
9.2126, 0.2564
9.2146, 0.2559
9.2146, 0.2554
9.2146, 0.2549
9.2166, 0.2544
9.2166, 0.2539
9.2166, 0.2534
9.2185, 0.2529
9.2185, 0.2524
9.2185, 0.2519
9.2205, 0.2514
9.2205, 0.2508
9.2224, 0.2503
9.2224, 0.2498
9.2224, 0.2493
9.2224, 0.2488
9.2224, 0.2483
9.2224, 0.2478
9.2244, 0.2473
9.2244, 0.2468
9.2244, 0.2463
9.2264, 0.2458
9.2264, 0.2453
9.2264, 0.2448
9.2283, 0.2443
9.2283, 0.2438
9.2303, 0.2433
9.2303, 0.2427
9.2303, 0.2422
9.2322, 0.2417
9.2322, 0.2412
9.2322, 0.2407
9.2342, 0.2407
9.2361, 0.2402
9.2361, 0.2397
9.2361, 0.2392
9.2381, 0.2387
9.2381, 0.2382
9.24, 0.2377
9.2401, 0.2372
9.2401, 0.2367
9.2401, 0.2362
9.242, 0.2357
9.242, 0.2352
9.242, 0.2346
9.244, 0.2341
9.244, 0.2336
9.244, 0.2331
9.2459, 0.2326
9.2459, 0.2321
9.2459, 0.2316
9.2459, 0.2311
9.2459, 0.2306
9.2479, 0.2301
9.2479, 0.2296
9.2479, 0.2291
9.2479, 0.2286
9.2498, 0.2281
9.2498, 0.2276
9.2499, 0.227
9.2518, 0.2265
9.2518, 0.226
9.2518, 0.2255
9.2538, 0.225
9.2557, 0.2245
9.2557, 0.224
9.2557, 0.2235
9.2557, 0.223
9.2577, 0.2225
9.2577, 0.222
9.2577, 0.2215
9.2577, 0.221
9.2577, 0.2205
9.2596, 0.22
9.2596, 0.2195
9.2596, 0.2189
9.2616, 0.2184
9.2635, 0.2179
9.2636, 0.2174
9.2636, 0.2169
9.2655, 0.2164
9.2655, 0.2159
9.2675, 0.2154
9.2675, 0.2149
9.2675, 0.2144
9.2694, 0.2139
9.2713, 0.2134
9.2732, 0.2129
9.2732, 0.2124
9.2732, 0.2119
9.2732, 0.2114
9.2753, 0.2109
9.2753, 0.2103
9.2753, 0.2098
9.2772, 0.2093
9.2772, 0.2088
9.2772, 0.2083
9.2792, 0.2078
9.2792, 0.2073
9.2792, 0.2068
9.2812, 0.2063
9.2831, 0.2058
9.2831, 0.2053
9.2851, 0.2048
9.2851, 0.2043
9.287, 0.2038
9.287, 0.2033
9.289, 0.2028
9.289, 0.2022
9.289, 0.2017
9.289, 0.2012
9.2909, 0.2006
9.2929, 0.2002
9.2929, 0.1997
9.2929, 0.1992
9.2929, 0.1987
9.2929, 0.1982
9.2949, 0.1977
9.2949, 0.1972
9.2968, 0.1967
9.2968, 0.1962
9.2968, 0.1957
9.2988, 0.1957
9.3007, 0.1952
9.3027, 0.1947
9.3046, 0.1942
9.3046, 0.1936
9.3066, 0.1931
9.3066, 0.1926
9.3085, 0.1921
9.3085, 0.1916
9.3105, 0.1911
9.3105, 0.1905
9.3125, 0.1901
9.3125, 0.1896
9.3125, 0.1891
9.3144, 0.1886
9.3144, 0.1881
9.3144, 0.1876
9.3164, 0.1871
9.3164, 0.1865
9.3183, 0.1861
9.3183, 0.1856
9.3203, 0.185
9.3203, 0.1844
9.3222, 0.184
9.3222, 0.1835
9.3242, 0.183
9.3242, 0.1825
9.3242, 0.182
9.3242, 0.1815
9.3242, 0.181
9.3262, 0.1804
9.3262, 0.18
9.3281, 0.1795
9.3281, 0.179
9.3301, 0.1785
9.3301, 0.178
9.332, 0.1775
9.334, 0.177
9.334, 0.1764
9.3359, 0.1759
9.3359, 0.1754
9.3359, 0.1749
9.3378, 0.1743
9.3378, 0.1739
9.3397, 0.1734
9.3418, 0.1729
9.3418, 0.1724
9.3437, 0.1719
9.3437, 0.1714
9.3457, 0.1709
9.3457, 0.1703
9.3457, 0.1699
9.3457, 0.1694
9.3477, 0.1689
9.3477, 0.1683
9.3477, 0.1678
9.3496, 0.1673
9.3496, 0.1668
9.3496, 0.1663
9.3516, 0.1658
9.3516, 0.1653
9.3516, 0.1648
9.3535, 0.1643
9.3555, 0.1638
9.3555, 0.1633
9.3555, 0.1628
9.3555, 0.1623
9.3575, 0.1618
9.3575, 0.1613
9.3594, 0.1613
9.3614, 0.1608
9.3614, 0.1602
9.3614, 0.1597
9.3614, 0.1592
9.3633, 0.1587
9.3633, 0.1582
9.3633, 0.1577
9.3653, 0.1572
9.3653, 0.1567
9.3653, 0.1562
9.3672, 0.1557
9.3672, 0.1552
9.3692, 0.1547
9.3692, 0.1542
9.3711, 0.1542
9.3712, 0.1537
9.3731, 0.1532
9.3731, 0.1527
9.3751, 0.1522
9.3751, 0.1517
9.377, 0.1511
9.379, 0.1506
9.379, 0.1501
9.379, 0.1496
9.3809, 0.1491
9.3809, 0.1486
9.3829, 0.1481
9.3829, 0.1476
9.3848, 0.1476
9.3848, 0.1471
9.3868, 0.1466
9.3868, 0.1461
9.3887, 0.1456
9.3907, 0.1451
9.3907, 0.1446
9.3907, 0.1441
9.3907, 0.1436
9.3927, 0.1431
9.3946, 0.1426
9.3946, 0.142
9.3966, 0.1415
9.3966, 0.141
9.3966, 0.1405
9.3985, 0.14
9.4005, 0.1395
9.4024, 0.139
9.4024, 0.1385
9.4043, 0.138
9.4062, 0.1375
9.4062, 0.137
9.4083, 0.1365
9.4102, 0.136
9.4102, 0.1355
9.4122, 0.135
9.4122, 0.1345
9.4142, 0.134
9.4142, 0.1335
9.4161, 0.1329
9.4161, 0.1324
9.4181, 0.1319
9.42, 0.1314
9.42, 0.1309
9.422, 0.1304
9.422, 0.1299
9.4239, 0.1294
9.4239, 0.1289
9.4239, 0.1284
9.4259, 0.1279
9.4279, 0.1274
9.4279, 0.1269
9.4298, 0.1264
9.4318, 0.1259
9.4318, 0.1254
9.4318, 0.1249
9.4337, 0.1244
9.4337, 0.1238
9.4357, 0.1233
9.4357, 0.1228
9.4376, 0.1223
9.4396, 0.1218
9.4396, 0.1213
9.4415, 0.1208
9.4415, 0.1203
9.4435, 0.1198
9.4455, 0.1193
9.4455, 0.1188
9.4474, 0.1183
9.4494, 0.1183
9.4513, 0.1178
9.4513, 0.1173
9.4533, 0.1168
9.4533, 0.1163
9.4552, 0.1158
9.4572, 0.1153
9.4572, 0.1148
9.4591, 0.1142
9.4591, 0.1137
9.4591, 0.1132
9.4611, 0.1127
9.4611, 0.1122
9.463, 0.1117
9.465, 0.1112
9.465, 0.1107
9.467, 0.1102
9.467, 0.1097
9.4689, 0.1092
9.4708, 0.1087
9.4727, 0.1082
9.4748, 0.1077
9.4767, 0.1072
9.4767, 0.1067
9.4787, 0.1062
9.4787, 0.1057
9.4806, 0.1051
9.4826, 0.1046
9.4845, 0.1041
9.4845, 0.1036
9.4865, 0.1031
9.4885, 0.1026
9.4885, 0.1021
9.4904, 0.1021
9.4924, 0.1016
9.4924, 0.1011
9.4943, 0.1011
9.4963, 0.1006
9.4963, 0.1001
9.4963, 0.0996
9.4982, 0.0991
9.4982, 0.0986
9.5002, 0.0981
9.5021, 0.0976
9.5041, 0.0971
9.5041, 0.0966
9.506, 0.0961
9.508, 0.0956
9.508, 0.095
9.51, 0.0945
9.51, 0.094
9.51, 0.0935
9.5119, 0.093
9.5139, 0.0925
9.5139, 0.092
9.5139, 0.0915
9.5158, 0.091
9.5178, 0.0905
9.5178, 0.09
9.5197, 0.0895
9.5217, 0.089
9.5217, 0.0885
9.5236, 0.088
9.5255, 0.0875
9.5276, 0.087
9.5276, 0.0865
9.5295, 0.086
9.5314, 0.0854
9.5314, 0.0849
9.5314, 0.0844
9.5333, 0.0839
9.5333, 0.0834
9.5354, 0.0829
9.5354, 0.0824
9.5373, 0.0819
9.5393, 0.0814
9.5412, 0.0809
9.5432, 0.0804
9.5432, 0.0799
9.5451, 0.0794
9.5471, 0.0789
9.5471, 0.0784
9.5491, 0.0779
9.5491, 0.0774
9.551, 0.0774
9.553, 0.0769
9.553, 0.0764
9.5549, 0.0758
9.5569, 0.0759
9.5569, 0.0753
9.5588, 0.0748
9.5608, 0.0743
9.5627, 0.0738
9.5627, 0.0733
9.5647, 0.0728
9.5666, 0.0723
9.5666, 0.0718
9.5686, 0.0713
9.5706, 0.0708
9.5725, 0.0703
9.5745, 0.0698
9.5745, 0.0693
9.5764, 0.0688
9.5764, 0.0683
9.5784, 0.0678
9.5803, 0.0673
9.5803, 0.0668
9.5803, 0.0663
9.5803, 0.0657
9.5823, 0.0652
9.5823, 0.0647
9.5842, 0.0647
9.5842, 0.0642
9.5862, 0.0637
9.588, 0.0632
9.5882, 0.0627
9.5901, 0.0627
9.592, 0.0622
9.592, 0.0617
9.5939, 0.0612
9.5939, 0.0607
9.596, 0.0602
9.5979, 0.0597
9.5998, 0.0592
9.6018, 0.0587
9.6018, 0.0582
9.6038, 0.0577
9.6057, 0.0572
9.6057, 0.0567
9.6077, 0.0562
9.6096, 0.0556
9.6116, 0.0551
9.6136, 0.0546
9.6155, 0.0541
9.6175, 0.0536
9.6194, 0.0531
9.6214, 0.0526
9.6214, 0.0521
9.6233, 0.0521
9.6233, 0.0516
9.6253, 0.0511
9.6272, 0.0506
9.6292, 0.0501
9.6292, 0.0496
9.6311, 0.0491
9.6311, 0.0486
9.6331, 0.0481
9.6351, 0.0476
9.637, 0.0471
9.639, 0.0466
9.6409, 0.0461
9.6429, 0.0461
9.6448, 0.0456
9.6448, 0.0451
9.6468, 0.0446
9.6487, 0.0446
9.6507, 0.0446
9.6526, 0.0446
9.6545, 0.0446
9.6564, 0.0441
9.6585, 0.0436
9.6604, 0.0431
9.6623, 0.0431
9.6643, 0.0426
9.6663, 0.042
9.6683, 0.0415
9.6702, 0.041
9.6722, 0.0405
9.6741, 0.04
9.6761, 0.04
9.678, 0.0395
9.68, 0.039
9.6819, 0.0385
9.6839, 0.0385
9.6858, 0.038
9.6858, 0.0375
9.6878, 0.037
9.6897, 0.037
9.6917, 0.0365
9.6936, 0.036
9.6956, 0.0355
9.6976, 0.035
9.6995, 0.035
9.7015, 0.0345
9.7034, 0.034
9.7054, 0.0335
9.7073, 0.0335
9.7093, 0.033
9.7112, 0.033
9.7132, 0.0325
9.7151, 0.032
9.717, 0.0315
9.7189, 0.0315
9.721, 0.031
9.7229, 0.0305
9.7248, 0.0305
9.7268, 0.03
9.7288, 0.0295
9.7308, 0.0295
9.7327, 0.029
9.7347, 0.0285
9.7366, 0.0285
9.7386, 0.028
9.7405, 0.028
9.7425, 0.0275
9.7444, 0.0275
9.7464, 0.027
9.7483, 0.0265
9.7503, 0.0265
9.7522, 0.026
9.7542, 0.026
9.7561, 0.0255
9.7581, 0.0255
9.76, 0.0255
9.762, 0.0255
9.7639, 0.025
9.7659, 0.025
9.7679, 0.025
9.7679, 0.0245
9.7698, 0.024
9.7718, 0.024
9.7737, 0.024
9.7737, 0.0235
9.7757, 0.023
9.7776, 0.0225
9.7795, 0.0225
9.7814, 0.0225
9.7835, 0.022
9.7854, 0.022
9.7873, 0.0215
9.7893, 0.0215
9.7913, 0.021
9.7932, 0.0205
9.7952, 0.0205
9.7971, 0.0205
9.7971, 0.02
9.7991, 0.0195
9.8011, 0.0195
9.803, 0.0195
9.805, 0.019
9.8069, 0.019
9.8089, 0.0185
9.8108, 0.0185
9.8128, 0.018
9.8147, 0.018
9.8167, 0.0175
9.8186, 0.0175
9.8206, 0.017
9.8225, 0.017
9.8245, 0.0165
9.8264, 0.0165
9.8284, 0.016
9.8303, 0.016
9.8323, 0.0155
9.8342, 0.0155
9.8362, 0.0155
9.838, 0.0155
9.8401, 0.015
9.842, 0.015
9.842, 0.0145
9.8439, 0.0145
9.846, 0.014
9.8479, 0.014
9.8498, 0.0135
9.8518, 0.0135
9.8538, 0.013
9.8557, 0.013
9.8577, 0.013
9.8596, 0.0125
9.8616, 0.0125
9.8635, 0.0125
9.8655, 0.012
9.8674, 0.012
9.8694, 0.0115
9.8713, 0.0115
9.8733, 0.011
9.8752, 0.011
9.8772, 0.0105
9.8792, 0.0105
9.8811, 0.0105
9.8831, 0.0105
9.885, 9.974e-3
9.887, 9.9777e-3
9.8889, 9.9813e-3
9.8909, 9.4774e-3
9.8928, 9.4811e-3
9.8948, 9.4847e-3
9.8967, 9.4884e-3
9.8987, 9.4921e-3
9.9005, 9.4957e-3
9.9026, 8.9918e-3
9.9045, 8.9955e-3
9.9064, 8.9991e-3
9.9083, 8.4952e-3
9.9104, 8.4989e-3
9.9123, 8.5025e-3
9.9123, 7.995e-3
9.9143, 7.9986e-3
9.9162, 8.0023e-3
9.9182, 7.4984e-3
9.9201, 7.502e-3
9.9221, 7.5057e-3
9.9241, 7.5094e-3
9.926, 7.0054e-3
9.928, 7.0091e-3
9.9299, 7.0128e-3
9.9319, 6.5088e-3
9.9338, 6.5125e-3
9.9358, 6.5162e-3
9.9377, 6.0122e-3
9.9397, 6.0159e-3
9.9416, 5.512e-3
9.9436, 5.5156e-3
9.9455, 5.5193e-3
9.9475, 5.523e-3
9.9494, 5.019e-3
9.9514, 5.0227e-3
9.9533, 4.5188e-3
9.9553, 4.5225e-3
9.9572, 4.5261e-3
9.9592, 4.5298e-3
9.9611, 4.0259e-3
9.963, 4.0295e-3
9.9649, 4.0332e-3
9.967, 4.0369e-3
9.9689, 4.0405e-3
9.9708, 4.0442e-3
9.9729, 3.5403e-3
9.9748, 3.5439e-3
9.9768, 3.5476e-3
9.9787, 3.5513e-3
9.9807, 3.0473e-3
9.9826, 3.051e-3
9.9846, 3.0547e-3
9.9865, 3.0583e-3
9.9885, 3.062e-3
9.9904, 3.0657e-3
9.9924, 3.0693e-3
9.9943, 3.073e-3
9.9963, 2.5691e-3
9.9982, 2.5727e-3
10.0002, 2.5764e-3
10.0021, 2.5801e-3
10.0041, 2.5837e-3
10.006, 2.5874e-3
10.008, 2.0835e-3
10.0099, 2.0871e-3
10.0119, 2.0908e-3
10.0138, 1.5869e-3
10.0158, 1.5905e-3
10.0178, 1.5942e-3
10.0197, 1.5979e-3
10.0217, 1.6015e-3
10.0236, 1.0976e-3
10.0256, 1.1013e-3
10.0275, 1.1049e-3
10.0295, 1.1086e-3
10.0314, 1.1123e-3
10.0334, 6.0834e-4
10.0352, 6.12e-4
10.0373, 6.1567e-4
10.0392, 6.1933e-4
10.0412, 6.23e-4
10.0431, 6.2666e-4
10.0451, 1.2274e-4
10.047, 1.264e-4
10.049, 1.3007e-4
10.0509, 1.3373e-4
10.0529, 1.374e-4
10.0548, 1.4106e-4
10.0568, 1.4473e-4
10.0587, 1.4839e-4
10.0587, -3.592e-4
10.0607, -3.5553e-4
10.0626, -3.5187e-4
10.0646, -3.482e-4
10.0666, -3.4454e-4
10.0685, -3.4087e-4
10.0705, -8.448e-4
10.0724, -8.4113e-4
10.0744, -8.3747e-4
10.0763, -8.338e-4
10.0783, -8.3014e-4
10.0802, -8.2647e-4
10.0822, -8.228e-4
10.0841, -8.1914e-4
10.0861, -8.1547e-4
10.088, -8.1181e-4
10.09, -8.0814e-4
10.0919, -8.0448e-4
10.0939, -8.0081e-4
10.0958, -7.9715e-4
10.0977, -7.9348e-4
10.0997, -7.8982e-4
10.1017, -7.8615e-4
10.1036, -7.8249e-4
10.1056, -7.7882e-4
10.1075, -7.7516e-4
10.1095, -7.7149e-4
10.1114, -7.6783e-4
10.1134, -1.2718e-3
10.1153, -1.2681e-3
10.1173, -1.2644e-3
10.1192, -1.2608e-3
10.1212, -1.7647e-3
10.1232, -1.761e-3
10.1251, -1.7574e-3
