#DataThief /Users/salvesen/research/fcolspin/data/H1743/i_H1743_line.png Friday 5-Jun-2020 4:19:23 PM
60.1534, 4.4052e-3
60.1617, 4.4058e-3
60.17, 4.4063e-3
60.1783, 4.9021e-3
60.1865, 4.9026e-3
60.1949, 4.9031e-3
60.2031, 4.9036e-3
60.2114, 4.9041e-3
60.2197, 4.9046e-3
60.228, 4.9052e-3
60.2363, 4.9057e-3
60.2446, 4.9062e-3
60.2529, 4.9067e-3
60.261, 4.9072e-3
60.2694, 4.9077e-3
60.2777, 4.9082e-3
60.286, 5.404e-3
60.2943, 5.4046e-3
60.3026, 5.4051e-3
60.3109, 5.4056e-3
60.3192, 5.4061e-3
60.3274, 5.4066e-3
60.3357, 5.4071e-3
60.3439, 5.4076e-3
60.3523, 5.4081e-3
60.3606, 5.4087e-3
60.3689, 5.4092e-3
60.3771, 5.4097e-3
60.3854, 5.4102e-3
60.3937, 5.4107e-3
60.402, 5.4112e-3
60.4102, 5.4117e-3
60.4186, 5.4122e-3
60.4269, 5.4128e-3
60.4351, 5.4133e-3
60.4434, 5.4138e-3
60.4517, 5.4143e-3
60.46, 5.4148e-3
60.4683, 5.4153e-3
60.4766, 5.4158e-3
60.4849, 5.9116e-3
60.4932, 5.9122e-3
60.5013, 5.9127e-3
60.5097, 5.9132e-3
60.518, 6.409e-3
60.5263, 6.4095e-3
60.5346, 6.41e-3
60.5429, 6.4105e-3
60.5512, 6.411e-3
60.5594, 6.4116e-3
60.5676, 6.4121e-3
60.576, 6.4126e-3
60.5843, 6.4131e-3
60.5926, 6.4136e-3
60.6009, 6.4141e-3
60.6092, 6.4146e-3
60.6174, 6.4151e-3
60.6257, 6.4157e-3
60.634, 5.9209e-3
60.6423, 5.9214e-3
60.6505, 5.9219e-3
60.6589, 5.9224e-3
60.6671, 5.9229e-3
60.6754, 5.9234e-3
60.6837, 5.924e-3
60.692, 5.9245e-3
60.7003, 5.925e-3
60.7086, 5.9255e-3
60.7168, 5.926e-3
60.725, 5.9265e-3
60.7334, 5.927e-3
60.7417, 5.9275e-3
60.75, 5.9281e-3
60.7583, 5.9286e-3
60.7666, 5.9291e-3
60.7748, 5.9296e-3
60.7831, 5.9301e-3
60.7913, 5.9306e-3
60.7997, 5.9311e-3
60.808, 5.9316e-3
60.8163, 5.9322e-3
60.8246, 5.9327e-3
60.8328, 5.9332e-3
60.8411, 5.9337e-3
60.8494, 5.9342e-3
60.8577, 5.9347e-3
60.866, 5.9352e-3
60.8742, 5.9358e-3
60.8824, 5.9363e-3
60.8908, 5.9368e-3
60.8991, 5.9373e-3
60.9074, 5.9378e-3
60.9157, 5.9383e-3
60.924, 5.9388e-3
60.9323, 5.9393e-3
60.9405, 5.9399e-3
60.9487, 5.9404e-3
60.9571, 5.9409e-3
60.9654, 5.9414e-3
60.9737, 6.4372e-3
60.982, 6.4377e-3
60.9903, 6.4382e-3
60.9986, 6.4387e-3
61.0068, 6.4393e-3
61.0151, 6.4398e-3
61.0234, 6.4403e-3
61.0317, 6.4408e-3
61.04, 6.4413e-3
61.0483, 6.4418e-3
61.0566, 6.9376e-3
61.0649, 6.9381e-3
61.0731, 6.9387e-3
61.0814, 6.9392e-3
61.0897, 6.9397e-3
61.098, 6.9402e-3
61.1063, 6.9407e-3
61.1146, 6.9412e-3
61.1228, 6.9417e-3
61.1311, 6.9422e-3
61.1394, 6.9428e-3
61.1477, 6.9433e-3
61.156, 6.9438e-3
61.1643, 6.9443e-3
61.1726, 7.4401e-3
61.1809, 7.4406e-3
61.1891, 7.4411e-3
61.1974, 7.4416e-3
61.2057, 7.4422e-3
61.214, 7.4427e-3
61.2223, 7.4432e-3
61.2306, 7.4437e-3
61.2389, 7.9395e-3
61.2472, 7.94e-3
61.2554, 7.9405e-3
61.2637, 7.941e-3
61.272, 7.9416e-3
61.2803, 7.9421e-3
61.2886, 7.9426e-3
61.2969, 7.9431e-3
61.3052, 7.9436e-3
61.3134, 7.9441e-3
61.3216, 7.9446e-3
61.33, 7.9451e-3
61.3383, 8.441e-3
61.3466, 8.4415e-3
61.3549, 8.442e-3
61.3632, 8.4425e-3
61.3714, 8.443e-3
61.3797, 8.4435e-3
61.388, 8.444e-3
61.3963, 8.4445e-3
61.4046, 8.4451e-3
61.4129, 8.4456e-3
61.4212, 8.4461e-3
61.4294, 8.4466e-3
61.4377, 8.4471e-3
61.446, 8.4476e-3
61.4543, 8.4481e-3
61.4626, 8.4486e-3
61.4708, 8.4492e-3
61.4792, 8.4497e-3
61.4874, 8.4502e-3
61.4957, 8.4507e-3
61.504, 8.4512e-3
61.5123, 8.4517e-3
61.5206, 8.4522e-3
61.5289, 8.4528e-3
61.5371, 8.4533e-3
61.5453, 8.4538e-3
61.5537, 8.4543e-3
61.562, 8.4548e-3
61.5703, 8.4553e-3
61.5786, 8.9511e-3
61.5869, 8.9516e-3
61.5952, 8.9522e-3
61.6034, 8.9527e-3
61.6117, 8.9532e-3
61.62, 8.9537e-3
61.6282, 8.9542e-3
61.6366, 8.9547e-3
61.6449, 8.9552e-3
61.6532, 8.9557e-3
61.6614, 8.9563e-3
61.6697, 8.9568e-3
61.6697, 9.4521e-3
61.678, 9.4526e-3
61.6863, 9.4531e-3
61.6945, 9.4536e-3
61.7029, 9.4541e-3
61.7112, 9.4546e-3
61.7195, 9.4551e-3
61.7277, 9.4557e-3
61.736, 9.4562e-3
61.7443, 9.4567e-3
61.7526, 9.4572e-3
61.7609, 9.4577e-3
61.7692, 9.4582e-3
61.7774, 9.4587e-3
61.7856, 9.4592e-3
61.794, 9.4598e-3
61.8023, 9.4603e-3
61.8106, 9.4608e-3
61.8189, 9.4613e-3
61.8272, 9.4618e-3
61.8354, 9.4623e-3
61.8437, 9.4628e-3
61.8519, 9.4633e-3
61.8603, 9.4639e-3
61.8686, 9.4644e-3
61.8769, 9.4649e-3
61.8852, 9.4654e-3
61.8934, 9.4659e-3
61.9017, 9.4664e-3
61.91, 9.4669e-3
61.9183, 9.4675e-3
61.9266, 9.468e-3
61.9348, 9.4685e-3
61.9431, 9.469e-3
61.9514, 9.4695e-3
61.9597, 9.47e-3
61.968, 9.4705e-3
61.9763, 9.471e-3
61.9846, 9.4716e-3
61.9929, 9.4721e-3
62.0011, 9.4726e-3
62.0094, 9.4731e-3
62.0177, 9.9689e-3
62.026, 9.9694e-3
62.0343, 9.9699e-3
62.0426, 9.9704e-3
62.0509, 9.971e-3
62.0592, 9.9715e-3
62.0674, 9.972e-3
62.0757, 9.9725e-3
62.084, 9.973e-3
62.0923, 9.9735e-3
62.1006, 9.974e-3
62.1089, 9.9745e-3
62.1171, 9.9751e-3
62.1254, 9.9756e-3
62.1337, 9.9761e-3
62.142, 9.9766e-3
62.1503, 9.9771e-3
62.1586, 9.9776e-3
62.1669, 9.9781e-3
62.1751, 9.9786e-3
62.1834, 9.9792e-3
62.1917, 9.9797e-3
62.2, 9.9802e-3
62.2083, 9.9807e-3
62.2166, 9.9812e-3
62.2248, 9.9817e-3
62.2331, 9.9822e-3
62.2414, 9.9828e-3
62.2497, 9.9833e-3
62.258, 9.9838e-3
62.2663, 9.9843e-3
62.2746, 9.9848e-3
62.2828, 9.9853e-3
62.2911, 9.9858e-3
62.2993, 9.9863e-3
62.3077, 9.9869e-3
62.316, 9.9874e-3
62.3243, 9.9879e-3
62.3326, 9.9884e-3
62.3408, 9.4936e-3
62.3491, 9.4941e-3
62.3574, 9.4946e-3
62.3657, 9.4952e-3
62.374, 9.4957e-3
62.3822, 9.4962e-3
62.3905, 9.4967e-3
62.3988, 9.4972e-3
62.4071, 9.4977e-3
62.4154, 9.9935e-3
62.4237, 9.994e-3
62.432, 9.9946e-3
62.4403, 9.9951e-3
62.4485, 9.9956e-3
62.4569, 0.0105
62.4651, 0.0105
62.4734, 0.0105
62.4817, 0.0105
62.49, 0.0105
62.4983, 0.0105
62.5066, 0.0105
62.5148, 0.0105
62.5231, 0.0105
62.5314, 0.0105
62.5396, 0.0105
62.548, 0.0105
62.5563, 0.0105
62.5646, 0.0105
62.5728, 0.0105
62.5811, 0.0105
62.5894, 0.0105
62.5977, 0.0105
62.6059, 0.0105
62.6143, 0.0105
62.6226, 0.0105
62.6308, 0.0105
62.6391, 0.0105
62.6474, 0.0105
62.6557, 0.0105
62.664, 0.011
62.6723, 0.011
62.6806, 0.011
62.6888, 0.011
62.6971, 0.011
62.7054, 0.0115
62.7137, 0.0115
62.722, 0.0115
62.7303, 0.0115
62.7386, 0.0115
62.7469, 0.012
62.7551, 0.012
62.7633, 0.012
62.7717, 0.012
62.78, 0.012
62.7883, 0.012
62.7966, 0.0125
62.8049, 0.0125
62.8132, 0.0125
62.8215, 0.0125
62.8296, 0.0125
62.838, 0.0125
62.8463, 0.0125
62.8546, 0.013
62.8629, 0.013
62.8712, 0.013
62.8795, 0.013
62.8878, 0.013
62.896, 0.013
62.9043, 0.013
62.9125, 0.013
62.9209, 0.0135
62.9292, 0.0135
62.9375, 0.0135
62.9458, 0.0135
62.9541, 0.0135
62.9623, 0.0135
62.9706, 0.0135
62.9788, 0.014
62.9872, 0.014
62.9955, 0.014
63.0038, 0.014
63.0121, 0.014
63.0203, 0.014
63.0286, 0.0145
63.0369, 0.0145
63.0452, 0.0145
63.0535, 0.0145
63.0618, 0.0145
63.0701, 0.0145
63.0784, 0.0145
63.0866, 0.0145
63.0949, 0.0145
63.1032, 0.0145
63.1115, 0.0145
63.1198, 0.0145
63.128, 0.0145
63.1364, 0.0145
63.1447, 0.015
63.1529, 0.015
63.1612, 0.015
63.1695, 0.015
63.1778, 0.015
63.1861, 0.015
63.1944, 0.015
63.2027, 0.015
63.2109, 0.015
63.2192, 0.015
63.2275, 0.015
63.2358, 0.0155
63.2441, 0.0155
63.2524, 0.0155
63.2607, 0.0155
63.2689, 0.0155
63.2772, 0.0155
63.2854, 0.0155
63.2938, 0.0155
63.3021, 0.0155
63.3104, 0.0155
63.3187, 0.016
63.327, 0.016
63.3352, 0.016
63.3435, 0.016
63.3518, 0.016
63.3601, 0.016
63.3684, 0.016
63.3767, 0.016
63.385, 0.016
63.3932, 0.016
63.4015, 0.016
63.4098, 0.016
63.4181, 0.016
63.4264, 0.016
63.4346, 0.016
63.4429, 0.016
63.4512, 0.016
63.4595, 0.016
63.4678, 0.016
63.4761, 0.0165
63.4844, 0.0165
63.4927, 0.0165
63.501, 0.0165
63.5091, 0.0165
63.5175, 0.0165
63.5258, 0.0165
63.5341, 0.0165
63.5424, 0.0165
63.5507, 0.0165
63.559, 0.0165
63.5672, 0.0165
63.5755, 0.0165
63.5838, 0.0165
63.592, 0.0165
63.6004, 0.0165
63.6087, 0.017
63.617, 0.017
63.6253, 0.017
63.6335, 0.017
63.6418, 0.017
63.6501, 0.0175
63.6583, 0.0175
63.6667, 0.0175
63.675, 0.0175
63.6833, 0.0175
63.6915, 0.0175
63.6998, 0.0175
63.7081, 0.018
63.7164, 0.018
63.7247, 0.018
63.733, 0.018
63.7412, 0.018
63.7496, 0.018
63.7578, 0.018
63.7661, 0.018
63.7744, 0.018
63.7744, 0.0185
63.7827, 0.0185
63.791, 0.0185
63.7993, 0.0185
63.8075, 0.0185
63.8159, 0.0185
63.8241, 0.0185
63.8324, 0.0185
63.8407, 0.0185
63.849, 0.0185
63.8573, 0.0185
63.8656, 0.0185
63.8739, 0.0185
63.882, 0.0185
63.8904, 0.0185
63.8987, 0.0185
63.907, 0.0185
63.9153, 0.0185
63.9236, 0.019
63.9319, 0.019
63.9401, 0.019
63.9484, 0.019
63.9567, 0.019
63.9649, 0.019
63.9733, 0.019
63.9816, 0.019
63.9899, 0.019
63.9981, 0.019
64.0064, 0.019
64.0147, 0.0195
64.023, 0.0195
64.0313, 0.0195
64.0396, 0.0195
64.0479, 0.0195
64.0562, 0.0195
64.0644, 0.0195
64.0727, 0.02
64.081, 0.02
64.0893, 0.02
64.0976, 0.02
64.1059, 0.02
64.1142, 0.02
64.1225, 0.0205
64.1308, 0.0205
64.139, 0.0205
64.1473, 0.0205
64.1556, 0.0205
64.1639, 0.0205
64.1722, 0.0205
64.1804, 0.0205
64.1887, 0.0205
64.197, 0.0205
64.2053, 0.0205
64.2136, 0.0205
64.2219, 0.0205
64.2302, 0.0205
64.2385, 0.0205
64.2467, 0.0205
64.255, 0.0205
64.2633, 0.021
64.2716, 0.021
64.2799, 0.021
64.2882, 0.021
64.2965, 0.021
64.3048, 0.021
64.313, 0.021
64.3213, 0.021
64.3296, 0.0215
64.3378, 0.0215
64.3462, 0.0215
64.3545, 0.0215
64.3628, 0.0215
64.3711, 0.0215
64.3793, 0.0215
64.3876, 0.0215
64.3959, 0.0215
64.4042, 0.0215
64.4125, 0.0215
64.4208, 0.0215
64.4291, 0.022
64.4373, 0.022
64.4456, 0.022
64.4539, 0.022
64.4622, 0.022
64.4705, 0.022
64.4788, 0.022
64.487, 0.022
64.4953, 0.022
64.5036, 0.022
64.5119, 0.0225
64.5202, 0.0225
64.5285, 0.0225
64.5368, 0.0225
64.5451, 0.0225
64.5534, 0.0225
64.5615, 0.0225
64.5699, 0.023
64.5782, 0.023
64.5865, 0.023
64.5948, 0.023
64.6031, 0.023
64.6114, 0.023
64.6197, 0.023
64.6279, 0.023
64.6362, 0.023
64.6444, 0.023
64.6528, 0.023
64.6611, 0.023
64.6694, 0.023
64.6776, 0.023
64.6859, 0.023
64.6942, 0.023
64.7025, 0.023
64.7107, 0.0235
64.7191, 0.0235
64.7274, 0.0235
64.7357, 0.0235
64.7439, 0.0235
64.7522, 0.024
64.7605, 0.024
64.7688, 0.024
64.7771, 0.024
64.7854, 0.024
64.7936, 0.024
64.802, 0.0245
64.8103, 0.0245
64.8185, 0.0245
64.8268, 0.025
64.8351, 0.025
64.8434, 0.025
64.8517, 0.025
64.8599, 0.025
64.8683, 0.025
64.8766, 0.025
64.8848, 0.025
64.8931, 0.025
64.9014, 0.025
64.9097, 0.025
64.918, 0.025
64.9263, 0.025
64.9346, 0.0255
64.9428, 0.0255
64.951, 0.0255
64.9594, 0.0255
64.9677, 0.0255
64.976, 0.0255
64.9843, 0.0255
64.9926, 0.026
65.0009, 0.026
65.0091, 0.026
65.0174, 0.026
65.0257, 0.026
65.034, 0.0265
65.0423, 0.0265
65.0506, 0.0265
65.0589, 0.0265
65.0672, 0.0265
65.0754, 0.0265
65.0836, 0.027
65.092, 0.027
65.1003, 0.0275
65.1086, 0.0275
65.1169, 0.0275
65.1252, 0.0275
65.1335, 0.0275
65.1418, 0.0275
65.15, 0.0275
65.1583, 0.028
65.1666, 0.028
65.1749, 0.028
65.1832, 0.028
65.1915, 0.028
65.1998, 0.0285
65.2081, 0.0285
65.2164, 0.0285
65.2246, 0.0285
65.2328, 0.0285
65.2412, 0.029
65.2495, 0.029
65.2578, 0.029
65.2661, 0.0295
65.2744, 0.0295
65.2744, 0.03
65.2827, 0.03
65.291, 0.03
65.2993, 0.0305
65.3075, 0.0305
65.3158, 0.0305
65.3241, 0.0305
65.3324, 0.0305
65.3407, 0.0305
65.349, 0.0305
65.3573, 0.0305
65.3656, 0.0305
65.3739, 0.031
65.382, 0.031
65.3904, 0.031
65.3987, 0.031
65.407, 0.031
65.4153, 0.0315
65.4236, 0.0315
65.4319, 0.0315
65.4401, 0.0315
65.4484, 0.0315
65.4567, 0.0315
65.465, 0.032
65.4733, 0.032
65.4816, 0.032
65.4899, 0.032
65.4982, 0.0325
65.5065, 0.0325
65.5147, 0.0325
65.523, 0.0325
65.5312, 0.033
65.5396, 0.033
65.5479, 0.033
65.5562, 0.0335
65.5645, 0.0335
65.5728, 0.0335
65.5811, 0.0335
65.5893, 0.0335
65.5976, 0.0335
65.6059, 0.0335
65.6141, 0.0335
65.6225, 0.0335
65.6308, 0.034
65.6391, 0.034
65.6474, 0.034
65.6556, 0.034
65.6639, 0.0345
65.6722, 0.0345
65.6804, 0.0345
65.6888, 0.035
65.6971, 0.035
65.7054, 0.035
65.7137, 0.035
65.722, 0.0355
65.7303, 0.0355
65.7385, 0.0355
65.7468, 0.0355
65.7551, 0.036
65.7633, 0.036
65.7717, 0.036
65.78, 0.036
65.7883, 0.036
65.7966, 0.036
65.8048, 0.036
65.8131, 0.036
65.8214, 0.0365
65.8296, 0.0365
65.838, 0.037
65.8463, 0.037
65.8546, 0.037
65.8629, 0.0374
65.8712, 0.0374
65.8795, 0.0374
65.8878, 0.0379
65.896, 0.0379
65.9043, 0.0379
65.9125, 0.0384
65.9209, 0.0384
65.9292, 0.0384
65.9375, 0.0389
65.9458, 0.0389
65.9541, 0.0394
65.9624, 0.0394
65.9707, 0.0399
65.979, 0.0399
65.9872, 0.0399
65.9955, 0.0404
66.0038, 0.0404
66.0121, 0.0404
66.0204, 0.0404
66.0287, 0.0404
66.037, 0.0404
66.0453, 0.0404
66.0536, 0.0409
66.0618, 0.0409
66.0701, 0.0414
66.0784, 0.0414
66.0867, 0.0414
66.095, 0.0414
66.1033, 0.0414
66.1116, 0.0414
66.1116, 0.0419
66.1199, 0.0419
66.128, 0.0419
66.1364, 0.0419
66.1447, 0.0419
66.153, 0.0419
66.1613, 0.0419
66.1696, 0.0419
66.1779, 0.0419
66.1862, 0.0424
66.1944, 0.0424
66.2027, 0.0429
66.211, 0.0429
66.2193, 0.0429
66.2276, 0.0429
66.2359, 0.0434
66.2442, 0.0434
66.2525, 0.0434
66.2608, 0.0434
66.2691, 0.0439
66.2772, 0.0439
66.2856, 0.0439
66.2939, 0.0439
66.3022, 0.0439
66.3105, 0.0439
66.3188, 0.0444
66.3271, 0.0444
66.3354, 0.0444
66.3436, 0.0444
66.3519, 0.0449
66.3602, 0.0449
66.3685, 0.0449
66.3768, 0.0449
66.3851, 0.0449
66.3934, 0.0454
66.4017, 0.0454
66.41, 0.0454
66.4182, 0.0454
66.4264, 0.0454
66.4348, 0.0459
66.4431, 0.0459
66.4514, 0.0464
66.4597, 0.0464
66.468, 0.0464
66.4763, 0.0469
66.4846, 0.0469
66.4929, 0.0469
66.5011, 0.0474
66.5093, 0.0474
66.5177, 0.0479
66.526, 0.0479
66.5343, 0.0479
66.5426, 0.0479
66.5509, 0.0484
66.5592, 0.0484
66.5675, 0.0489
66.5758, 0.0489
66.584, 0.0493
66.5924, 0.0493
66.6006, 0.0493
66.6089, 0.0493
66.6172, 0.0499
66.6255, 0.0499
66.6338, 0.0499
66.6421, 0.0499
66.6503, 0.0504
66.6587, 0.0504
66.667, 0.0504
66.6753, 0.0509
66.6835, 0.0509
66.6918, 0.0509
66.7001, 0.0514
66.7084, 0.0514
66.7084, 0.0519
66.7167, 0.0519
66.725, 0.0519
66.7332, 0.0524
66.7416, 0.0524
66.7499, 0.0524
66.7582, 0.0524
66.7665, 0.0529
66.7747, 0.0529
66.783, 0.0529
66.7913, 0.0534
66.7995, 0.0534
66.8079, 0.0539
66.8162, 0.0539
66.8245, 0.0539
66.8328, 0.0539
66.8411, 0.0543
66.8494, 0.0543
66.8576, 0.0543
66.8659, 0.0548
66.8742, 0.0548
66.8824, 0.0548
66.8908, 0.0553
66.8991, 0.0553
66.9074, 0.0553
66.9157, 0.0558
66.924, 0.0558
66.9323, 0.0558
66.9405, 0.0558
66.9487, 0.0563
66.9571, 0.0563
66.9654, 0.0563
66.9737, 0.0568
66.982, 0.0568
66.9903, 0.0568
66.9986, 0.0573
67.0069, 0.0573
67.0152, 0.0573
67.0234, 0.0573
67.0317, 0.0578
67.04, 0.0578
67.0483, 0.0583
67.0566, 0.0583
67.0649, 0.0583
67.0732, 0.0588
67.0815, 0.0588
67.0898, 0.0588
67.0981, 0.0588
67.1064, 0.0593
67.1146, 0.0593
67.1229, 0.0598
67.1312, 0.0598
67.1395, 0.0598
67.1478, 0.0603
67.1561, 0.0603
67.1644, 0.0603
67.1727, 0.0608
67.181, 0.0608
67.1893, 0.0608
67.1976, 0.0613
67.2059, 0.0618
67.2141, 0.0618
67.2224, 0.0618
67.2307, 0.0623
67.2389, 0.0623
67.2473, 0.0628
67.2556, 0.0628
67.2639, 0.0633
67.2722, 0.0633
67.2805, 0.0633
67.2888, 0.0638
67.2971, 0.0638
67.3053, 0.0638
67.3136, 0.0643
67.3219, 0.0643
67.3302, 0.0648
67.3385, 0.0648
67.3468, 0.0648
67.3551, 0.0653
67.3634, 0.0653
67.3717, 0.0653
67.38, 0.0658
67.3883, 0.0658
67.3965, 0.0658
67.4048, 0.0663
67.4131, 0.0663
67.4214, 0.0668
67.4297, 0.0668
67.438, 0.0668
67.4463, 0.0668
67.4546, 0.0673
67.4628, 0.0673
67.4712, 0.0673
67.4795, 0.0678
67.4877, 0.0678
67.496, 0.0678
67.5043, 0.0683
67.5126, 0.0683
67.5209, 0.0683
67.5292, 0.0688
67.5375, 0.0688
67.5457, 0.0688
67.5541, 0.0693
67.5624, 0.0693
67.5624, 0.0697
67.5707, 0.0697
67.5789, 0.0697
67.5872, 0.0702
67.5955, 0.0702
67.6038, 0.0702
67.612, 0.0707
67.6204, 0.0707
67.6287, 0.0707
67.637, 0.0707
67.6453, 0.0712
67.6536, 0.0712
67.6619, 0.0717
67.6701, 0.0717
67.6785, 0.0722
67.6867, 0.0722
67.6949, 0.0722
67.7033, 0.0727
67.7116, 0.0727
67.7199, 0.0727
67.7282, 0.0732
67.7365, 0.0732
67.7448, 0.0732
67.753, 0.0737
67.7612, 0.0737
67.7614, 0.0742
67.7697, 0.0742
67.7779, 0.0742
67.7862, 0.0747
67.7945, 0.0747
67.8028, 0.0747
67.8111, 0.0747
67.8194, 0.0747
67.8277, 0.0747
67.8359, 0.0752
67.8441, 0.0752
67.8525, 0.0752
67.8608, 0.0752
67.8691, 0.0757
67.8774, 0.0757
67.8857, 0.0762
67.894, 0.0762
67.9022, 0.0762
67.9106, 0.0767
67.9189, 0.0767
67.9189, 0.0772
67.9272, 0.0772
67.9355, 0.0777
67.9438, 0.0777
67.9521, 0.0782
67.9603, 0.0782
67.9686, 0.0787
67.9769, 0.0787
67.9851, 0.0792
67.9935, 0.0792
68.0018, 0.0792
68.0101, 0.0792
68.0184, 0.0796
68.0267, 0.0796
68.035, 0.0796
68.0432, 0.0796
68.0515, 0.0796
68.0598, 0.0802
68.0681, 0.0802
68.0764, 0.0807
68.0847, 0.0807
68.093, 0.0812
68.1013, 0.0812
68.1096, 0.0817
68.1179, 0.0817
68.1262, 0.0822
68.1345, 0.0822
68.1428, 0.0827
68.1511, 0.0832
68.1593, 0.0832
68.1676, 0.0832
68.1759, 0.0836
68.1842, 0.0836
68.1925, 0.0836
68.2008, 0.0842
68.2091, 0.0842
68.2174, 0.0842
68.2257, 0.0842
68.2339, 0.0842
68.2422, 0.0846
68.2505, 0.0851
68.2588, 0.0851
68.2671, 0.0856
68.2753, 0.0856
68.2837, 0.0861
68.292, 0.0866
68.3003, 0.0866
68.3086, 0.0866
68.3169, 0.0871
68.3252, 0.0876
68.3335, 0.0876
68.3418, 0.0876
68.3501, 0.0881
68.3584, 0.0886
68.3666, 0.0886
68.3749, 0.0886
68.3832, 0.0891
68.3915, 0.0896
68.3998, 0.0896
68.4081, 0.0896
68.4163, 0.0901
68.4247, 0.0901
68.433, 0.0901
68.4413, 0.0906
68.4496, 0.0911
68.4579, 0.0911
68.4662, 0.0911
68.4745, 0.0916
68.4827, 0.0916
68.491, 0.0916
68.4993, 0.0921
68.5076, 0.0921
68.5159, 0.0926
68.5242, 0.0931
68.5325, 0.0936
68.5408, 0.0936
68.5491, 0.0936
68.5574, 0.0941
68.5657, 0.0941
68.5739, 0.0941
68.5823, 0.0946
68.5905, 0.0946
68.5906, 0.0951
68.5988, 0.0951
68.6071, 0.0951
68.6154, 0.0956
68.6237, 0.0956
68.632, 0.0961
68.6402, 0.0961
68.6486, 0.0966
68.6569, 0.0971
68.6652, 0.0971
68.6735, 0.0971
68.6818, 0.0976
68.6901, 0.0976
68.6984, 0.098
68.7066, 0.0981
68.7149, 0.0985
68.7231, 0.099
68.7315, 0.099
68.7398, 0.0995
68.7481, 0.0995
68.7564, 0.1
68.7647, 0.1
68.7647, 0.1005
68.773, 0.1005
68.7812, 0.101
68.7896, 0.1015
68.7979, 0.1015
68.7979, 0.102
68.8062, 0.1025
68.8145, 0.1025
68.8228, 0.103
68.8311, 0.103
68.8394, 0.103
68.8477, 0.1035
68.8559, 0.104
68.8643, 0.1045
68.8726, 0.1045
68.8809, 0.105
68.8892, 0.1055
68.8975, 0.106
68.9057, 0.106
68.9141, 0.1065
68.9223, 0.1065
68.9306, 0.107
68.9388, 0.1075
68.9472, 0.1075
68.9555, 0.108
68.9638, 0.108
68.9721, 0.108
68.9804, 0.108
68.9887, 0.1085
68.9969, 0.1085
69.0053, 0.109
69.0136, 0.1095
69.0219, 0.1095
69.0302, 0.11
69.0384, 0.11
69.0467, 0.1105
69.055, 0.1109
69.0633, 0.1114
69.0716, 0.1118
69.0799, 0.1118
69.0882, 0.1124
69.0965, 0.1124
69.1048, 0.1129
69.1131, 0.1134
69.1214, 0.1134
69.1297, 0.1139
69.138, 0.1139
69.1463, 0.1139
69.1546, 0.1144
69.1629, 0.1149
69.1712, 0.1149
69.1795, 0.1154
69.1878, 0.1154
69.1961, 0.1159
69.2044, 0.1164
69.2126, 0.1164
69.2209, 0.1169
69.2292, 0.1174
69.2375, 0.1179
69.2458, 0.1179
69.2541, 0.1184
69.2624, 0.1189
69.2707, 0.1189
69.279, 0.1189
69.2873, 0.1194
69.2955, 0.1194
69.2955, 0.1199
69.3039, 0.1204
69.3122, 0.1204
69.3122, 0.1209
69.3205, 0.1214
69.3288, 0.1214
69.3371, 0.1219
69.3454, 0.1224
69.3537, 0.1224
69.362, 0.1229
69.3703, 0.1234
69.3786, 0.1238
69.3869, 0.1243
69.3952, 0.1243
69.4035, 0.1248
69.4118, 0.1248
69.4201, 0.1253
69.4284, 0.1258
69.4367, 0.1263
69.4449, 0.1263
69.4533, 0.1268
69.4615, 0.1268
69.4616, 0.1273
69.4698, 0.1273
69.4781, 0.1278
69.4864, 0.1278
69.4947, 0.1283
69.503, 0.1288
69.5112, 0.1293
69.5196, 0.1293
69.5279, 0.1298
69.5362, 0.1298
69.5445, 0.1303
69.5528, 0.1303
69.5611, 0.1308
69.5694, 0.1308
69.5777, 0.1313
69.5859, 0.1318
69.5943, 0.1318
69.5943, 0.1323
69.6026, 0.1323
69.6109, 0.1328
69.6192, 0.1333
69.6275, 0.1338
69.6358, 0.1343
69.6441, 0.1343
69.6524, 0.1348
69.6606, 0.1353
69.6689, 0.1353
69.6772, 0.1358
69.6855, 0.1362
69.6938, 0.1362
69.7021, 0.1367
69.7104, 0.1367
69.7187, 0.1372
69.7269, 0.1377
69.7353, 0.1381
69.7436, 0.1387
69.7519, 0.1392
69.7602, 0.1392
69.7685, 0.1392
69.7768, 0.1392
69.7851, 0.1397
69.7934, 0.1397
69.8016, 0.1402
69.8098, 0.1402
69.81, 0.1407
69.8183, 0.1407
69.8266, 0.1412
69.8349, 0.1417
69.8431, 0.1417
69.8432, 0.1421
69.8515, 0.1427
69.8597, 0.1427
69.8679, 0.1432
69.8763, 0.1437
69.8846, 0.1442
69.8929, 0.1442
69.9012, 0.1447
69.9095, 0.1447
69.9095, 0.1452
69.9178, 0.1457
69.9261, 0.1457
69.9261, 0.1461
69.9344, 0.1467
69.9426, 0.1467
69.951, 0.1472
69.9593, 0.1477
69.9676, 0.1477
69.9759, 0.1482
69.9842, 0.1486
69.9925, 0.1491
70.0008, 0.1496
70.0091, 0.1496
70.0174, 0.1501
70.0257, 0.1501
70.034, 0.1506
70.034, 0.1511
70.0423, 0.1516
70.0506, 0.1521
70.0589, 0.1521
70.0672, 0.1521
70.0672, 0.1526
70.0755, 0.1531
70.0838, 0.1531
70.0921, 0.1536
70.1004, 0.1536
70.1087, 0.1541
70.117, 0.1541
70.1253, 0.1546
70.1335, 0.1546
70.1418, 0.1551
70.1501, 0.1556
70.1584, 0.1561
70.1585, 0.1566
70.1668, 0.1571
70.1751, 0.1576
70.1834, 0.1581
70.1917, 0.1586
70.2, 0.1591
70.2083, 0.1596
70.2166, 0.1596
70.2248, 0.1601
70.2332, 0.1606
70.2415, 0.161
70.2498, 0.1615
70.2581, 0.162
70.2664, 0.1625
70.2747, 0.163
70.283, 0.1635
70.2913, 0.164
70.2995, 0.164
70.2995, 0.1645
70.3079, 0.1645
70.3079, 0.165
70.3162, 0.165
70.3245, 0.1655
70.3327, 0.1655
70.341, 0.166
70.3493, 0.1665
70.3576, 0.167
70.3659, 0.167
70.3742, 0.1675
70.3825, 0.168
70.3908, 0.168
70.3908, 0.1685
70.3991, 0.169
70.4074, 0.169
70.4074, 0.1695
70.4157, 0.17
70.424, 0.1705
70.4323, 0.171
70.4405, 0.1715
70.4489, 0.172
70.4572, 0.1724
70.4655, 0.1729
70.4739, 0.1734
70.4822, 0.1739
70.4905, 0.1743
70.4988, 0.1749
70.507, 0.1754
70.5154, 0.1759
70.5236, 0.1759
70.5319, 0.1764
70.5402, 0.1769
70.5403, 0.1774
70.5485, 0.1774
70.5486, 0.1779
70.5568, 0.1779
70.5569, 0.1784
70.5652, 0.1784
70.5734, 0.1784
70.5817, 0.1789
70.5899, 0.1794
70.5983, 0.1799
70.6066, 0.1804
70.6149, 0.1804
70.6232, 0.1809
70.6315, 0.1814
70.6398, 0.1814
70.6481, 0.1819
70.6481, 0.1824
70.6564, 0.1829
70.6564, 0.1834
70.6648, 0.1839
70.6648, 0.1844
70.6648, 0.1848
70.6731, 0.1848
70.6731, 0.1853
70.6814, 0.1858
70.6897, 0.1863
70.698, 0.1868
70.7063, 0.1873
70.7146, 0.1873
70.7146, 0.1878
70.7146, 0.1883
70.7229, 0.1888
70.7311, 0.1893
70.7395, 0.1898
70.7478, 0.1903
70.7561, 0.1908
70.7561, 0.1913
70.7644, 0.1918
70.7727, 0.1923
70.781, 0.1928
70.7893, 0.1933
70.7976, 0.1938
70.8058, 0.1943
70.8142, 0.1948
70.8225, 0.1953
70.8308, 0.1958
70.8391, 0.1963
70.8474, 0.1967
70.8557, 0.1972
70.8558, 0.1977
70.8641, 0.1977
70.8723, 0.1982
70.8807, 0.1987
70.889, 0.1992
70.8972, 0.1992
70.8973, 0.1997
70.9055, 0.1997
70.9056, 0.2002
70.9056, 0.2006
70.9139, 0.2012
70.9222, 0.2012
70.9222, 0.2017
70.9304, 0.2017
70.9304, 0.2022
70.9388, 0.2022
70.9388, 0.2027
70.9471, 0.2027
70.9471, 0.2032
70.9554, 0.2032
70.9554, 0.2037
70.9637, 0.2042
70.972, 0.2046
70.9803, 0.2052
70.9803, 0.2057
70.9886, 0.2062
70.9969, 0.2067
71.0052, 0.2072
71.0135, 0.2077
71.0218, 0.2081
71.0301, 0.2086
71.0384, 0.2091
71.0467, 0.2096
71.0467, 0.2101
71.055, 0.2101
71.0633, 0.2106
71.0633, 0.2111
71.0716, 0.2116
71.0799, 0.2116
71.0799, 0.2121
71.0882, 0.2126
71.0965, 0.2131
71.1048, 0.2136
71.1131, 0.2141
71.1214, 0.2146
71.1297, 0.2151
71.138, 0.2156
71.1381, 0.2161
71.1464, 0.2166
71.1547, 0.2171
71.163, 0.2176
71.1713, 0.2181
71.1796, 0.2186
71.1879, 0.2191
71.1962, 0.2196
71.1962, 0.22
71.2045, 0.2205
71.2128, 0.221
71.2128, 0.2215
71.2211, 0.222
71.2294, 0.2225
71.2377, 0.223
71.246, 0.2235
71.2543, 0.224
71.2543, 0.2245
71.2626, 0.225
71.2709, 0.2255
71.2792, 0.2255
71.2875, 0.226
71.2958, 0.226
71.2958, 0.2265
71.2958, 0.227
71.3041, 0.2275
71.3124, 0.228
71.3125, 0.2285
71.3208, 0.229
71.3291, 0.2295
71.3374, 0.23
71.3457, 0.2305
71.354, 0.231
71.3623, 0.2314
71.3706, 0.2319
71.3706, 0.2324
71.3789, 0.2328
71.3872, 0.2334
71.3955, 0.2339
71.3955, 0.2344
71.4038, 0.2349
71.4121, 0.2354
71.4203, 0.2359
71.4287, 0.2364
71.437, 0.2368
71.4453, 0.2374
71.4536, 0.2379
71.4536, 0.2384
71.4619, 0.2389
71.462, 0.2394
71.4702, 0.2394
71.4785, 0.2399
71.4786, 0.2404
71.4868, 0.2409
71.4952, 0.2414
71.5034, 0.2419
71.5034, 0.2424
71.5118, 0.2428
71.5201, 0.2429
71.5201, 0.2433
71.5284, 0.2438
71.5367, 0.2443
71.545, 0.2448
71.545, 0.2453
71.5533, 0.2458
71.5533, 0.2463
71.5615, 0.2468
71.5615, 0.2473
71.5617, 0.2478
71.5617, 0.2483
71.5699, 0.2488
71.5783, 0.2493
71.5866, 0.2498
71.5949, 0.2503
71.5949, 0.2508
71.6032, 0.2513
71.6115, 0.2518
71.6115, 0.2523
71.6198, 0.2523
71.6198, 0.2528
71.628, 0.2533
71.628, 0.2538
71.628, 0.2542
71.6364, 0.2547
71.6447, 0.2551
71.653, 0.2557
71.6531, 0.2562
71.6614, 0.2567
71.6697, 0.2572
71.6697, 0.2577
71.678, 0.2582
71.6863, 0.2587
71.6863, 0.2591
71.6945, 0.2597
71.7029, 0.2602
71.7029, 0.2607
71.7112, 0.2607
71.7112, 0.2612
71.7112, 0.2617
71.7195, 0.2622
71.7278, 0.2627
71.7361, 0.2631
71.7362, 0.2637
71.7445, 0.2642
71.7445, 0.2647
71.7528, 0.2652
71.7528, 0.2656
71.761, 0.2661
71.7694, 0.2666
71.7776, 0.2671
71.7776, 0.2676
71.786, 0.2681
71.786, 0.2686
71.7943, 0.2691
71.7944, 0.2696
71.8027, 0.2701
71.811, 0.2706
71.811, 0.2711
71.8193, 0.2716
71.8276, 0.2721
71.8359, 0.2726
71.8359, 0.2731
71.8359, 0.2736
71.8441, 0.2741
71.8525, 0.2746
71.8608, 0.2751
71.8691, 0.2756
71.8774, 0.2761
71.8857, 0.2766
71.8857, 0.277
71.894, 0.2775
71.8941, 0.278
71.9024, 0.2785
71.9106, 0.279
71.9106, 0.2795
71.919, 0.28
71.919, 0.2805
71.9273, 0.281
71.9356, 0.2814
71.9356, 0.282
71.9439, 0.2825
71.9522, 0.283
71.9522, 0.2835
71.9605, 0.284
71.9605, 0.2845
71.9687, 0.285
71.9771, 0.2854
71.9771, 0.286
71.9855, 0.2865
71.9855, 0.287
71.9938, 0.2875
72.0021, 0.288
72.0021, 0.2884
72.0104, 0.2889
72.0104, 0.2894
72.0187, 0.2899
72.0187, 0.2904
72.027, 0.2904
72.0352, 0.2909
72.0352, 0.2913
72.0436, 0.2919
72.0437, 0.2924
72.0437, 0.2929
72.0437, 0.2934
72.0437, 0.2939
72.052, 0.2944
72.052, 0.2949
72.0603, 0.2949
72.0603, 0.2953
72.0686, 0.2959
72.0769, 0.2964
72.0769, 0.2969
72.0852, 0.2969
72.0852, 0.2974
72.0935, 0.2979
72.0936, 0.2984
72.0936, 0.2989
72.1019, 0.2989
72.1102, 0.2993
72.1185, 0.2998
72.1185, 0.3003
72.1268, 0.3008
72.1268, 0.3013
72.1351, 0.3018
72.1351, 0.3023
72.1434, 0.3028
72.1517, 0.3033
72.1517, 0.3038
72.16, 0.3043
72.1683, 0.3048
72.1766, 0.3053
72.1767, 0.3058
72.1767, 0.3063
72.185, 0.3068
72.185, 0.3073
72.1933, 0.3078
72.1933, 0.3083
72.2016, 0.3088
72.2016, 0.3093
72.2099, 0.3098
72.21, 0.3103
72.2183, 0.3107
72.2183, 0.3112
72.2266, 0.3117
72.2349, 0.3122
72.2349, 0.3127
72.2432, 0.3132
72.2432, 0.3136
72.2432, 0.3142
72.2515, 0.3147
72.2598, 0.3152
72.2598, 0.3157
72.2681, 0.3162
72.2764, 0.3167
72.2765, 0.3172
72.2765, 0.3176
72.2848, 0.3182
72.2848, 0.3187
72.2931, 0.3192
72.3014, 0.3197
72.3014, 0.3202
72.3096, 0.3207
72.3096, 0.3212
72.3096, 0.3216
72.318, 0.3221
72.3264, 0.3226
72.3347, 0.3231
72.3347, 0.3235
72.343, 0.3241
72.343, 0.3246
72.3513, 0.3251
72.3596, 0.3256
72.3596, 0.3261
72.3679, 0.3266
72.3679, 0.3271
72.3761, 0.3276
72.3845, 0.3281
72.3845, 0.3286
72.3928, 0.3291
72.3929, 0.3296
72.3929, 0.3301
72.4012, 0.3306
72.4012, 0.3311
72.4012, 0.3316
72.4095, 0.3321
72.4095, 0.3326
72.4178, 0.333
72.4178, 0.3335
72.4179, 0.334
72.4262, 0.3345
72.4262, 0.335
72.4262, 0.3355
72.4344, 0.3355
72.4428, 0.336
72.4428, 0.3365
72.4511, 0.337
72.4511, 0.3375
72.4511, 0.338
72.4512, 0.3385
72.4595, 0.339
72.4595, 0.3395
72.4678, 0.3395
72.4678, 0.34
72.4761, 0.3405
72.4761, 0.341
72.4844, 0.3415
72.4927, 0.342
72.501, 0.3425
72.501, 0.343
72.5093, 0.3435
72.5175, 0.3439
72.5175, 0.3444
72.5259, 0.3449
72.5342, 0.3454
72.5342, 0.3458
72.5343, 0.3464
72.5343, 0.3469
72.5343, 0.3474
72.5426, 0.3474
72.5509, 0.3479
72.5592, 0.3484
72.5675, 0.3489
72.5675, 0.3494
72.5675, 0.3498
72.5758, 0.3504
72.5758, 0.3509
72.584, 0.3514
72.5924, 0.3519
72.5925, 0.3524
72.5925, 0.3529
72.6008, 0.3534
72.6008, 0.3538
72.6091, 0.3544
72.6091, 0.3549
72.6091, 0.3553
72.6091, 0.3558
72.6174, 0.3563
72.6257, 0.3568
72.6258, 0.3573
72.6341, 0.3578
72.6341, 0.3583
72.6341, 0.3588
72.6341, 0.3593
72.6423, 0.3598
72.6423, 0.3603
72.6507, 0.3608
72.659, 0.3613
72.659, 0.3618
72.6591, 0.3623
72.6591, 0.3628
72.6674, 0.3633
72.6757, 0.3638
72.6757, 0.3643
72.6757, 0.3648
72.6757, 0.3653
72.684, 0.3658
72.6841, 0.3663
72.6923, 0.3663
72.6924, 0.3667
72.7006, 0.3672
72.7006, 0.3677
72.709, 0.3682
72.709, 0.3687
72.709, 0.3692
72.7173, 0.3697
72.7173, 0.3702
72.7256, 0.3702
72.7256, 0.3707
72.7339, 0.3712
72.7339, 0.3717
72.7422, 0.3721
72.7423, 0.3727
72.7506, 0.3732
72.7506, 0.3737
72.7589, 0.3742
72.7589, 0.3747
72.7671, 0.3752
72.7671, 0.3757
72.7755, 0.3761
72.7755, 0.3767
72.7755, 0.3772
72.7838, 0.3776
72.7839, 0.378
72.7922, 0.3786
72.7922, 0.3791
72.8005, 0.3796
72.8005, 0.3801
72.8088, 0.3806
72.8088, 0.3811
72.8171, 0.3816
72.8254, 0.382
72.8254, 0.3826
72.8336, 0.3831
72.8338, 0.3836
72.842, 0.3841
72.8504, 0.3846
72.8504, 0.3851
72.8587, 0.3856
72.8587, 0.386
72.867, 0.3866
72.867, 0.3871
72.8753, 0.3876
72.8836, 0.3881
72.8836, 0.3886
72.8836, 0.389
72.8837, 0.3895
72.8837, 0.39
72.892, 0.3905
72.892, 0.391
72.9003, 0.3915
72.9003, 0.392
72.9085, 0.3925
72.9085, 0.393
72.9085, 0.3935
72.917, 0.394
72.917, 0.3945
72.9253, 0.395
72.9253, 0.3955
72.9336, 0.396
72.9336, 0.3965
72.9419, 0.397
72.9419, 0.3975
72.9502, 0.398
72.9502, 0.3985
72.9585, 0.399
72.9668, 0.3995
72.9668, 0.3999
72.9752, 0.4003
72.9752, 0.4009
72.9835, 0.4014
72.9918, 0.4019
72.9918, 0.4024
73.0001, 0.4029
73.0001, 0.4034
73.0084, 0.4039
73.0084, 0.4043
73.0167, 0.4049
73.0167, 0.4054
73.0251, 0.4059
73.0334, 0.4064
73.0334, 0.4069
73.0417, 0.4074
73.0417, 0.4079
73.05, 0.4083
73.05, 0.4089
73.0583, 0.4094
73.0583, 0.4099
73.0666, 0.4104
73.0749, 0.4109
73.0749, 0.4113
73.0832, 0.4118
73.0833, 0.4123
73.0833, 0.4128
73.0916, 0.4133
73.0916, 0.4138
73.0999, 0.4143
73.0999, 0.4148
73.1082, 0.4148
73.1082, 0.4153
73.1082, 0.4158
73.1082, 0.4163
73.1083, 0.4168
73.1166, 0.4173
73.1166, 0.4178
73.1249, 0.4178
73.1249, 0.4183
73.1332, 0.4188
73.1332, 0.4193
73.1415, 0.4198
73.1498, 0.4203
73.1498, 0.4208
73.1498, 0.4213
73.1581, 0.4218
73.1582, 0.4222
73.1665, 0.4227
73.1665, 0.4232
73.1748, 0.4237
73.1748, 0.4242
73.1831, 0.4247
73.1831, 0.4252
73.1914, 0.4257
73.1914, 0.4262
73.1997, 0.4267
73.1997, 0.4272
73.208, 0.4277
73.2081, 0.4282
73.2081, 0.4287
73.2164, 0.4292
73.2164, 0.4297
73.2164, 0.4302
73.2247, 0.4307
73.233, 0.4312
73.2413, 0.4317
73.2413, 0.4322
73.2496, 0.4327
73.2496, 0.4332
73.258, 0.4336
73.258, 0.4341
73.2663, 0.4346
73.2663, 0.4351
73.2746, 0.4356
73.2746, 0.4361
73.2829, 0.4365
73.2829, 0.4371
73.2829, 0.4376
73.2912, 0.4381
73.2913, 0.4386
73.2995, 0.4391
73.2995, 0.4396
73.2995, 0.4401
73.2995, 0.4405
73.2995, 0.4411
73.2995, 0.4416
73.2997, 0.4421
73.2997, 0.4426
73.2997, 0.4431
73.308, 0.4436
73.308, 0.4441
73.3163, 0.4445
73.3246, 0.445
73.3246, 0.4455
73.3329, 0.446
73.3329, 0.4465
73.333, 0.447
73.333, 0.4475
73.3413, 0.448
73.3413, 0.4485
73.3413, 0.449
73.3496, 0.4495
73.3496, 0.45
73.3578, 0.4505
73.3662, 0.451
73.3662, 0.4515
73.3745, 0.452
73.3746, 0.4525
73.3829, 0.453
73.3912, 0.4535
73.3912, 0.454
73.3995, 0.4545
73.3995, 0.455
73.4078, 0.4554
73.4078, 0.4559
73.4161, 0.4564
73.4161, 0.4569
73.4243, 0.4574
73.4245, 0.4579
73.4328, 0.4584
73.4328, 0.4588
73.4411, 0.4594
73.4411, 0.4599
73.4411, 0.4604
73.4494, 0.4604
73.4494, 0.4609
73.4494, 0.4614
73.4577, 0.4619
73.4577, 0.4624
73.4578, 0.4628
73.4661, 0.4634
73.4661, 0.4639
73.4661, 0.4644
73.4744, 0.4649
73.4744, 0.4654
73.4827, 0.4659
73.4827, 0.4663
73.4827, 0.4668
73.4828, 0.4673
73.491, 0.4673
73.491, 0.4678
73.4994, 0.4683
73.4994, 0.4687
73.5077, 0.4687
73.5077, 0.4693
73.516, 0.4698
73.516, 0.4703
73.5243, 0.4708
73.5243, 0.4713
73.5326, 0.4713
73.5409, 0.4718
73.5409, 0.4723
73.5409, 0.4727
73.541, 0.4733
73.5493, 0.4738
73.5493, 0.4743
73.5493, 0.4748
73.5493, 0.4753
73.5493, 0.4758
73.5493, 0.4763
73.5575, 0.4768
73.5577, 0.4773
73.5577, 0.4777
73.5577, 0.4782
73.5659, 0.4787
73.5659, 0.4792
73.5659, 0.4797
73.5659, 0.4802
73.5743, 0.4807
73.5826, 0.4812
73.5827, 0.4817
73.5827, 0.4822
73.591, 0.4827
73.591, 0.4832
73.591, 0.4837
73.5993, 0.4842
73.5993, 0.4847
73.6076, 0.4852
73.6159, 0.4852
73.6242, 0.4857
73.6324, 0.4862
73.6408, 0.4867
73.6408, 0.4872
73.6409, 0.4877
73.6492, 0.4882
73.6575, 0.4886
73.6575, 0.4891
73.6575, 0.4896
73.6575, 0.4901
73.6658, 0.4906
73.6658, 0.491
73.6658, 0.4916
73.6741, 0.4921
73.6742, 0.4926
73.6825, 0.4931
73.6825, 0.4936
73.6907, 0.4941
73.6907, 0.4946
73.6907, 0.495
73.6991, 0.4956
73.6991, 0.4961
73.7074, 0.4966
73.7074, 0.4971
73.7157, 0.4976
73.7158, 0.4981
73.7241, 0.4986
73.7241, 0.499
73.7324, 0.4996
73.7324, 0.5
73.7407, 0.5005
73.7407, 0.501
73.749, 0.5015
73.749, 0.502
73.7572, 0.5025
73.7656, 0.503
73.7657, 0.5034
73.774, 0.504
73.774, 0.5045
73.7823, 0.505
73.7823, 0.5055
73.7906, 0.5055
73.7906, 0.506
73.7906, 0.5065
73.7906, 0.507
73.7906, 0.5074
73.7989, 0.508
73.799, 0.5085
73.8072, 0.5085
73.8073, 0.509
73.8155, 0.5095
73.8155, 0.51
73.8239, 0.5105
73.8239, 0.5109
73.8322, 0.5114
73.8322, 0.5119
73.8322, 0.5124
73.8405, 0.5129
73.8405, 0.5133
73.8406, 0.5139
73.8406, 0.5144
73.8489, 0.5149
73.8489, 0.5154
73.8572, 0.5159
73.8572, 0.5164
73.8655, 0.5169
73.8655, 0.5173
73.8655, 0.5179
73.8656, 0.5184
73.8739, 0.5189
73.8739, 0.5194
73.8822, 0.5199
73.8904, 0.5204
73.8904, 0.5209
73.8988, 0.5213
73.8988, 0.5218
73.9071, 0.5223
73.9071, 0.5228
73.9154, 0.5232
73.9237, 0.5238
73.9238, 0.5243
73.9238, 0.5248
73.9238, 0.5253
73.9321, 0.5258
73.9321, 0.5263
73.9404, 0.5268
73.9404, 0.5272
73.9487, 0.5278
73.9487, 0.5283
73.9487, 0.5288
73.9571, 0.5293
73.9571, 0.5298
73.9654, 0.5303
73.9654, 0.5308
73.9654, 0.5312
73.9654, 0.5318
73.9737, 0.5318
73.982, 0.5323
73.9903, 0.5328
73.9903, 0.5332
73.9986, 0.5337
73.9986, 0.5342
73.9987, 0.5347
73.9987, 0.5352
73.9987, 0.5356
73.9987, 0.5362
74.007, 0.5367
74.007, 0.5372
74.007, 0.5377
74.0154, 0.5382
74.0154, 0.5387
74.0154, 0.5392
74.0237, 0.5396
74.0237, 0.5402
74.032, 0.5407
74.032, 0.5412
74.0403, 0.5417
74.0403, 0.5422
74.0404, 0.5427
74.0487, 0.5432
74.0487, 0.5436
74.0487, 0.5441
74.057, 0.5446
74.057, 0.5451
74.0653, 0.5455
74.0653, 0.5461
74.0653, 0.5466
74.0654, 0.5471
74.0737, 0.5476
74.0737, 0.5481
74.082, 0.5486
74.082, 0.5491
74.0903, 0.5495
74.0903, 0.5501
74.0986, 0.5506
74.0986, 0.5511
74.0986, 0.5516
74.0987, 0.5521
74.107, 0.5526
74.107, 0.5531
74.107, 0.5535
74.1153, 0.5541
74.1153, 0.5546
74.1236, 0.555
74.1236, 0.5554
74.1319, 0.556
74.1319, 0.5565
74.132, 0.557
74.1403, 0.5575
74.1403, 0.558
74.1403, 0.5585
74.1403, 0.559
74.1486, 0.5594
74.1486, 0.56
74.1486, 0.5605
74.157, 0.561
74.157, 0.5615
74.157, 0.562
74.157, 0.5625
74.1653, 0.563
74.1653, 0.5635
74.1736, 0.564
74.1736, 0.5645
74.1819, 0.565
74.182, 0.5655
74.1903, 0.5659
74.1903, 0.5664
74.1903, 0.5669
74.1903, 0.5674
74.1985, 0.5678
74.2069, 0.5684
74.2152, 0.5689
74.2235, 0.5694
74.2235, 0.5699
74.2235, 0.5704
74.2236, 0.5709
74.2319, 0.5714
74.2319, 0.5718
74.2402, 0.5724
74.2402, 0.5729
74.2402, 0.5734
74.2485, 0.5739
74.2485, 0.5744
74.2485, 0.5749
74.2568, 0.5754
74.2569, 0.5758
74.2652, 0.5764
74.2652, 0.5768
74.2735, 0.5773
74.2735, 0.5777
74.2818, 0.5783
74.2818, 0.5788
74.2818, 0.5793
74.2901, 0.5798
74.2984, 0.5803
74.2985, 0.5808
74.2985, 0.5813
74.2985, 0.5817
74.3068, 0.5823
74.3068, 0.5828
74.3068, 0.5833
74.3151, 0.5838
74.3151, 0.5843
74.3234, 0.5848
74.3235, 0.5853
74.3235, 0.5857
74.3235, 0.5863
74.3235, 0.5868
74.3317, 0.5873
74.3317, 0.5877
74.3401, 0.5882
74.3401, 0.5887
74.3402, 0.5892
74.3485, 0.5897
74.3485, 0.5901
74.3568, 0.5907
74.3568, 0.5912
74.3568, 0.5917
74.3651, 0.5922
74.3651, 0.5927
74.3651, 0.5932
74.3734, 0.5937
74.3735, 0.5941
74.3735, 0.5947
74.3818, 0.5952
74.3818, 0.5957
74.3901, 0.5962
74.3901, 0.5967
74.3984, 0.5972
74.3984, 0.5977
74.3984, 0.5981
74.4067, 0.5987
74.4068, 0.5991
74.4151, 0.5996
74.4151, 0.6
74.4151, 0.6006
74.4151, 0.6011
74.4151, 0.6016
74.4234, 0.6021
74.4235, 0.6026
74.4318, 0.6031
74.4401, 0.6036
74.4401, 0.604
74.4484, 0.6046
74.4484, 0.6051
74.4567, 0.6056
74.4567, 0.6061
74.465, 0.6066
74.465, 0.6071
74.4733, 0.6076
74.4733, 0.608
74.4816, 0.6086
74.4899, 0.6091
74.49, 0.6096
74.49, 0.6099
74.49, 0.6105
74.4983, 0.611
74.4983, 0.6115
74.5066, 0.612
74.5066, 0.6125
74.5066, 0.613
74.5149, 0.6135
74.515, 0.6139
74.5232, 0.6145
74.5232, 0.615
74.5316, 0.6155
74.5316, 0.616
74.5399, 0.6165
74.5399, 0.617
74.5399, 0.6175
74.5399, 0.6179
74.5483, 0.6185
74.5566, 0.619
74.5566, 0.6195
74.5566, 0.62
74.5566, 0.6205
74.5649, 0.6209
74.5649, 0.6214
74.5649, 0.6219
74.565, 0.6223
74.5733, 0.6229
74.5733, 0.6234
74.5816, 0.6239
74.5816, 0.6244
74.5816, 0.6249
74.5816, 0.6254
74.5899, 0.6259
74.5981, 0.6263
74.5981, 0.6269
74.5983, 0.6274
74.6066, 0.6279
74.6066, 0.6284
74.6149, 0.6289
74.6149, 0.6294
74.6149, 0.6299
74.6232, 0.6303
74.6232, 0.6309
74.6315, 0.6314
74.6315, 0.6318
74.6316, 0.6322
74.6316, 0.6328
74.6399, 0.6333
74.6399, 0.6338
74.6482, 0.6343
74.6564, 0.6348
74.6564, 0.6353
74.6648, 0.6358
74.6648, 0.6362
74.6648, 0.6368
74.6731, 0.6373
74.6732, 0.6378
74.6815, 0.6383
74.6815, 0.6388
74.6815, 0.6393
74.6815, 0.6398
74.6898, 0.6402
74.6981, 0.6408
74.6981, 0.6413
74.7064, 0.6418
74.7065, 0.6423
74.7147, 0.6428
74.7147, 0.6432
74.7231, 0.6437
74.7231, 0.6442
74.7231, 0.6447
74.7231, 0.6452
74.7314, 0.6457
74.7314, 0.6461
74.7397, 0.6467
74.748, 0.6472
74.7481, 0.6477
74.7564, 0.6482
74.7564, 0.6487
74.7647, 0.6492
74.7647, 0.6497
74.773, 0.6502
74.773, 0.6507
74.773, 0.6512
74.773, 0.6517
74.7731, 0.6522
74.7731, 0.6526
74.7731, 0.6532
74.7731, 0.6537
74.7731, 0.6541
74.7814, 0.6545
74.7814, 0.6551
74.7814, 0.6556
74.7898, 0.6561
74.7898, 0.6566
74.7898, 0.6571
74.7981, 0.6576
74.7981, 0.6581
74.7981, 0.6585
74.7981, 0.6591
74.8064, 0.6596
74.8065, 0.6601
74.8148, 0.6606
74.8148, 0.6611
74.8231, 0.6616
74.8231, 0.6621
74.8314, 0.6625
74.8314, 0.6631
74.8397, 0.6636
74.8397, 0.6641
74.8397, 0.6646
74.8481, 0.665
74.8481, 0.6655
74.8564, 0.666
74.8564, 0.6665
74.8647, 0.667
74.8647, 0.6675
74.873, 0.668
74.873, 0.6684
74.8813, 0.669
74.8813, 0.6695
74.8896, 0.67
74.8897, 0.6705
74.8897, 0.671
74.898, 0.6715
74.898, 0.672
74.9062, 0.6724
74.9062, 0.673
74.9062, 0.6735
74.9146, 0.674
74.9229, 0.6745
74.9229, 0.675
74.923, 0.6755
74.9313, 0.6759
74.9313, 0.6764
74.9396, 0.6768
74.9396, 0.6774
74.9396, 0.6779
74.9479, 0.6784
74.9479, 0.6789
74.9562, 0.6794
74.9563, 0.6799
74.9563, 0.6804
74.9646, 0.6808
74.9646, 0.6814
74.9646, 0.6819
74.9729, 0.6824
74.9729, 0.6829
74.9811, 0.6834
74.9811, 0.6839
74.9813, 0.6844
74.9896, 0.6848
74.9896, 0.6854
74.9979, 0.6859
75.0062, 0.6864
75.0062, 0.6869
75.0145, 0.6873
75.0145, 0.6878
75.0228, 0.6883
75.0311, 0.6888
75.0311, 0.6893
75.0394, 0.6898
75.0394, 0.6903
75.0395, 0.6907
75.0395, 0.6913
75.0478, 0.6918
75.0478, 0.6923
75.0478, 0.6928
75.0561, 0.6933
75.0561, 0.6938
75.0644, 0.6943
75.0644, 0.6947
75.0728, 0.6953
75.0728, 0.6958
75.0728, 0.6963
75.0728, 0.6968
75.0728, 0.6973
75.0728, 0.6978
75.0811, 0.6982
75.0812, 0.6987
75.0895, 0.6992
75.0895, 0.6997
75.0977, 0.7002
75.0977, 0.7006
75.1061, 0.7012
75.1061, 0.7017
75.1144, 0.7022
75.1144, 0.7027
75.1227, 0.7032
75.1227, 0.7037
75.131, 0.7042
75.1393, 0.7046
75.1394, 0.7052
75.1477, 0.7057
75.1477, 0.7062
75.156, 0.7067
75.156, 0.7072
75.1643, 0.7077
75.1643, 0.7082
75.1726, 0.7086
75.1726, 0.709
75.1809, 0.7096
75.1809, 0.7101
75.1893, 0.7106
75.1893, 0.7111
75.1893, 0.7116
75.1976, 0.7121
75.1976, 0.7126
75.2059, 0.7126
75.2059, 0.713
75.2142, 0.7136
75.2142, 0.7141
75.2225, 0.7146
75.2308, 0.7151
75.2308, 0.7156
75.2309, 0.7161
75.2309, 0.7166
75.2392, 0.717
75.2392, 0.7176
75.2475, 0.7176
75.2558, 0.7181
75.2558, 0.7186
75.2641, 0.7191
75.2724, 0.7196
75.2724, 0.7201
75.2724, 0.7205
75.2807, 0.721
75.2807, 0.7215
75.289, 0.7215
75.289, 0.722
75.2973, 0.7225
75.2974, 0.7229
75.3057, 0.7235
75.314, 0.724
75.314, 0.7245
75.3223, 0.725
75.3306, 0.7255
75.3306, 0.726
75.3306, 0.7265
75.3306, 0.7269
75.3389, 0.7275
75.3472, 0.728
75.3555, 0.7285
75.3556, 0.729
75.3556, 0.7295
75.3556, 0.73
75.3556, 0.7305
75.3639, 0.7309
75.3721, 0.7314
75.3721, 0.7319
75.3805, 0.7324
75.3805, 0.7328
75.3888, 0.7334
75.3971, 0.7339
75.4054, 0.7344
75.4055, 0.7349
75.4055, 0.7354
75.4138, 0.7359
75.4138, 0.7364
75.4138, 0.7368
75.4221, 0.7374
75.4221, 0.7379
75.4304, 0.7384
75.4304, 0.7389
75.4388, 0.7393
75.4388, 0.7399
75.4471, 0.7404
75.4471, 0.7409
75.4554, 0.7414
75.4554, 0.7419
75.4554, 0.7424
75.4637, 0.7428
75.4637, 0.7433
75.4638, 0.7438
75.4721, 0.7443
75.4721, 0.7448
75.4804, 0.7452
75.4887, 0.7452
75.4887, 0.7458
75.4969, 0.7458
75.5051, 0.7458
75.5135, 0.7463
75.5218, 0.7468
75.5219, 0.7473
75.5219, 0.7478
75.5219, 0.7483
75.5219, 0.7488
75.5302, 0.7492
75.5302, 0.7498
75.5302, 0.7503
75.5386, 0.7508
75.5386, 0.7513
75.5386, 0.7518
75.5469, 0.7523
75.5469, 0.7528
75.5469, 0.7532
75.5469, 0.7537
75.5552, 0.7542
75.5635, 0.7547
75.5718, 0.7551
75.58, 0.7557
75.5802, 0.7562
75.5802, 0.7567
75.5885, 0.7572
75.5968, 0.7577
75.5968, 0.7582
75.6051, 0.7587
75.6134, 0.7591
75.6134, 0.7597
75.6134, 0.7602
75.6134, 0.7607
75.6217, 0.7607
75.63, 0.7612
75.6383, 0.7617
75.6465, 0.7622
75.6467, 0.7627
75.655, 0.7631
75.6633, 0.7637
75.6633, 0.7642
75.6716, 0.7647
75.6799, 0.7651
75.6799, 0.7656
75.6882, 0.7656
75.6965, 0.7661
75.6965, 0.7666
75.7048, 0.7671
75.713, 0.7675
75.7214, 0.7681
75.7214, 0.7686
75.7297, 0.7691
75.738, 0.7691
75.738, 0.7696
75.7463, 0.7701
75.7463, 0.7706
75.7546, 0.7711
75.7547, 0.7715
75.7547, 0.7721
75.7547, 0.7726
75.7547, 0.7731
75.7547, 0.7736
75.763, 0.7741
75.763, 0.7746
75.7713, 0.7751
75.7713, 0.7755
75.7797, 0.7761
75.7797, 0.7765
75.788, 0.777
75.788, 0.7774
75.7963, 0.778
75.8046, 0.7785
75.8046, 0.779
75.8129, 0.7795
75.8212, 0.78
75.8295, 0.7805
75.8295, 0.781
75.8378, 0.781
75.846, 0.7814
75.846, 0.782
75.8544, 0.7825
75.8627, 0.7825
75.8627, 0.783
75.871, 0.7835
75.8793, 0.784
75.8876, 0.7845
75.8959, 0.785
75.9042, 0.7854
75.9125, 0.786
75.9207, 0.7865
75.9209, 0.787
75.9291, 0.787
75.9292, 0.7875
75.9375, 0.7879
75.9458, 0.7884
75.9541, 0.7889
75.9624, 0.7894
75.9707, 0.7899
75.9707, 0.7904
75.979, 0.7909
75.9872, 0.7913
75.9956, 0.7919
76.0039, 0.7924
76.0039, 0.7929
76.0122, 0.7934
76.0205, 0.7939
76.0288, 0.7944
76.0371, 0.7949
76.0371, 0.7953
76.0454, 0.7959
76.0537, 0.7964
76.062, 0.7969
76.0703, 0.7974
76.0786, 0.7979
76.0869, 0.7984
76.0952, 0.7989
76.1035, 0.7993
76.1118, 0.7997
76.1201, 0.8003
76.1284, 0.8008
76.1367, 0.8013
76.145, 0.8018
76.1533, 0.8023
76.1617, 0.8028
76.17, 0.8033
76.1783, 0.8037
76.1865, 0.8043
76.1949, 0.8048
76.2032, 0.8053
76.2114, 0.8053
76.2115, 0.8058
76.2197, 0.8058
76.228, 0.8063
76.2363, 0.8063
76.2446, 0.8068
76.2529, 0.8068
76.2612, 0.8068
76.2695, 0.8073
76.2778, 0.8073
76.2778, 0.8077
76.2861, 0.8077
76.2944, 0.8083
76.3027, 0.8083
76.311, 0.8083
76.3192, 0.8083
76.3275, 0.8088
76.3357, 0.8088
76.3357, 0.8093
76.3441, 0.8093
76.3524, 0.8098
76.3607, 0.8098
76.369, 0.8103
76.3773, 0.8103
76.3856, 0.8103
76.3939, 0.8103
76.4022, 0.8108
76.4022, 0.8113
76.4104, 0.8117
76.4188, 0.8117
76.4271, 0.8117
76.4354, 0.8122
76.4437, 0.8122
76.4519, 0.8122
76.4602, 0.8122
76.4685, 0.8123
76.4768, 0.8123
76.4851, 0.8123
76.4934, 0.8127
76.5017, 0.8127
76.51, 0.8127
76.5183, 0.8132
76.5265, 0.8132
76.5348, 0.8132
76.5431, 0.8132
76.5514, 0.8132
76.5596, 0.8132
76.568, 0.8132
76.5762, 0.8132
76.5845, 0.8132
76.5928, 0.8132
76.6011, 0.8132
76.6094, 0.8132
76.6177, 0.8133
76.626, 0.8133
76.6341, 0.8133
76.6425, 0.8133
76.6508, 0.8133
76.6591, 0.8133
76.6674, 0.8133
76.6757, 0.8133
76.684, 0.8133
76.6922, 0.8133
76.7005, 0.8133
76.7088, 0.8133
76.717, 0.8133
76.7254, 0.8128
76.7336, 0.8128
76.7419, 0.8128
76.7502, 0.8128
76.7585, 0.8128
76.7668, 0.8128
76.7751, 0.8123
76.7833, 0.8123
76.7915, 0.8123
76.7999, 0.8123
76.8082, 0.8117
76.8165, 0.8117
76.8247, 0.8117
76.833, 0.8113
76.8413, 0.8113
76.8496, 0.8113
76.8578, 0.8113
76.866, 0.8108
76.8744, 0.8108
76.8827, 0.8103
76.891, 0.8103
76.8992, 0.8098
76.9075, 0.8098
76.9158, 0.8093
76.9241, 0.8093
76.9324, 0.8088
76.9405, 0.8083
76.9489, 0.8083
76.9572, 0.8077
76.9654, 0.8073
76.9737, 0.8068
76.982, 0.8063
76.9903, 0.8058
76.9985, 0.8058
77.0068, 0.8053
77.0151, 0.8049
77.0233, 0.8044
77.0316, 0.8039
77.0399, 0.8034
77.0481, 0.8029
77.0564, 0.8024
77.0647, 0.8024
77.073, 0.8018
77.073, 0.8014
77.0812, 0.8014
77.0812, 0.8009
77.0895, 0.8004
77.0895, 0.7999
77.0977, 0.7993
77.106, 0.7989
77.106, 0.7984
77.1143, 0.7984
77.1143, 0.7979
77.1225, 0.7974
77.1225, 0.7969
77.1308, 0.7964
77.1391, 0.7959
77.139, 0.7955
77.1473, 0.795
77.1473, 0.7945
77.1473, 0.794
77.1555, 0.7934
77.1555, 0.793
77.1638, 0.793
77.1638, 0.7925
77.1721, 0.792
77.1803, 0.7915
77.1803, 0.791
77.1886, 0.791
77.1969, 0.7905
77.1969, 0.79
77.2051, 0.7894
77.2134, 0.789
77.2134, 0.7885
77.2216, 0.788
77.2299, 0.7875
77.2299, 0.787
77.2382, 0.7865
77.2381, 0.786
77.2381, 0.7856
77.2464, 0.7851
77.2464, 0.7846
77.2547, 0.7846
77.2547, 0.7841
77.2629, 0.7835
77.2629, 0.7831
77.2711, 0.7826
77.2711, 0.7821
77.2793, 0.7821
77.2877, 0.7816
77.2877, 0.7811
77.296, 0.7806
77.2959, 0.7801
77.3042, 0.7801
77.3042, 0.7795
77.3125, 0.7791
77.3125, 0.7786
77.3207, 0.7781
77.329, 0.7776
77.329, 0.7771
77.329, 0.7766
77.3372, 0.7761
77.3372, 0.7757
77.3455, 0.7757
77.3455, 0.7752
77.3538, 0.7747
77.3537, 0.7742
77.362, 0.7737
77.362, 0.7732
77.3703, 0.7727
77.3702, 0.7722
77.3702, 0.7717
77.3785, 0.7711
77.3785, 0.7707
77.3868, 0.7702
77.3867, 0.7697
77.395, 0.7692
77.395, 0.7687
77.395, 0.7682
77.4032, 0.7677
77.4115, 0.7671
77.4115, 0.7667
77.4115, 0.7662
77.4115, 0.7658
77.4197, 0.7658
77.428, 0.7652
77.4363, 0.7648
77.4363, 0.7643
77.4362, 0.7638
77.4445, 0.7633
77.4445, 0.7628
77.4445, 0.7623
77.4445, 0.7618
77.4527, 0.7612
77.4527, 0.7608
77.461, 0.7603
77.461, 0.7598
77.461, 0.7593
77.4609, 0.7588
77.4609, 0.7583
77.4609, 0.7578
77.4692, 0.7572
77.4692, 0.7568
77.4691, 0.7563
77.4691, 0.7558
77.4774, 0.7553
77.4774, 0.7549
77.4774, 0.7544
77.4856, 0.7539
77.4856, 0.7534
77.4856, 0.7529
77.4939, 0.7524
77.4938, 0.7519
77.5021, 0.7513
77.5021, 0.7509
77.5021, 0.7504
77.5021, 0.7499
77.5103, 0.7494
77.5186, 0.7489
77.5186, 0.7484
77.5269, 0.7479
77.5268, 0.7473
77.5268, 0.7469
77.5268, 0.7464
77.5268, 0.7459
77.5351, 0.7455
77.535, 0.745
77.535, 0.7445
77.535, 0.744
77.5433, 0.7435
77.5433, 0.7429
77.5432, 0.7425
77.5432, 0.742
77.5432, 0.7415
77.5514, 0.741
77.5514, 0.7405
77.5514, 0.74
77.5514, 0.7395
77.5514, 0.7389
77.5514, 0.7385
77.5514, 0.738
77.5514, 0.7375
77.5514, 0.737
77.5596, 0.7365
77.5596, 0.736
77.5678, 0.7355
77.5678, 0.7351
77.5678, 0.7346
77.576, 0.7341
77.5844, 0.7336
77.5844, 0.733
77.5843, 0.7326
77.5843, 0.7321
77.5926, 0.7316
77.5926, 0.7311
77.6008, 0.7306
77.6008, 0.7301
77.6091, 0.7296
77.6091, 0.729
77.6091, 0.7286
77.6091, 0.7281
77.609, 0.7276
77.609, 0.7271
77.6173, 0.7266
77.6173, 0.7261
77.6173, 0.7256
77.6172, 0.725
77.6172, 0.7247
77.6255, 0.7242
77.6255, 0.7237
77.6255, 0.7231
77.6254, 0.7227
77.6254, 0.7222
77.6254, 0.7217
77.6337, 0.7212
77.6337, 0.7207
77.6336, 0.7202
77.6336, 0.7197
77.6336, 0.7191
77.6419, 0.7187
77.6419, 0.7182
77.6418, 0.7177
77.6418, 0.7172
77.6501, 0.7167
77.6501, 0.7162
77.6501, 0.7157
77.65, 0.7151
77.65, 0.7147
77.6583, 0.7143
77.6583, 0.7138
77.6665, 0.7133
77.6747, 0.7128
77.6747, 0.7123
77.6831, 0.7118
77.6831, 0.7113
77.6913, 0.7107
77.6913, 0.7103
77.6996, 0.7103
77.6996, 0.7098
77.6996, 0.7093
77.7078, 0.7088
77.7078, 0.7083
77.7078, 0.7078
77.7161, 0.7073
77.7161, 0.7067
77.716, 0.7063
77.716, 0.7058
77.716, 0.7053
77.716, 0.7048
77.7243, 0.7044
77.7242, 0.7039
77.7242, 0.7034
77.7242, 0.7029
77.7242, 0.7024
77.7242, 0.7019
77.7324, 0.7014
77.7324, 0.7008
77.7324, 0.7004
77.7407, 0.6999
77.7407, 0.6994
77.7406, 0.6989
77.7489, 0.6989
77.7489, 0.6984
77.7489, 0.6979
77.7489, 0.6974
77.7489, 0.6968
77.757, 0.6964
77.757, 0.6959
77.757, 0.6954
77.757, 0.6949
77.757, 0.6945
77.7652, 0.694
77.7652, 0.6935
77.7736, 0.693
77.7736, 0.6925
77.7736, 0.692
77.7734, 0.6915
77.7818, 0.6909
77.7818, 0.6905
77.7818, 0.69
77.7818, 0.6895
77.79, 0.689
77.79, 0.6885
77.7983, 0.688
77.7983, 0.6875
77.8065, 0.687
77.8065, 0.6865
77.8148, 0.686
77.8148, 0.6855
77.8147, 0.685
77.8147, 0.6844
77.8147, 0.6841
77.8147, 0.6836
77.823, 0.6831
77.823, 0.6825
77.8229, 0.6821
77.8229, 0.6816
77.8229, 0.6811
77.8312, 0.6806
77.8312, 0.6801
77.8311, 0.6796
77.8394, 0.6791
77.8394, 0.6785
77.8394, 0.6781
77.8394, 0.6776
77.8476, 0.6771
77.8476, 0.6766
77.8476, 0.6761
77.8476, 0.6756
77.8476, 0.6751
77.8475, 0.6745
77.8558, 0.6741
77.8558, 0.6737
77.8558, 0.6732
77.8558, 0.6726
77.8557, 0.6722
77.8557, 0.6717
77.8557, 0.6712
77.8557, 0.6707
77.8639, 0.6702
77.8639, 0.6697
77.8639, 0.6692
77.8639, 0.6686
77.8639, 0.6682
77.8639, 0.6677
77.8721, 0.6672
77.8721, 0.6667
77.8721, 0.6662
77.8803, 0.6657
77.8803, 0.6652
77.8803, 0.6646
77.8885, 0.6642
77.8885, 0.6637
77.8885, 0.6633
77.8969, 0.6627
77.8968, 0.6623
77.8968, 0.6618
77.8885, 0.6613
77.8885, 0.6608
77.8885, 0.6602
77.8885, 0.6598
77.8967, 0.6593
77.8967, 0.6588
77.905, 0.6588
77.905, 0.6583
77.9133, 0.6578
77.9132, 0.6573
77.9132, 0.6568
77.9132, 0.6562
77.9215, 0.6558
77.9215, 0.6553
77.9215, 0.6548
77.9214, 0.6543
77.9214, 0.6538
77.9214, 0.6534
77.9214, 0.6529
77.9214, 0.6524
77.9296, 0.6519
77.9296, 0.6514
77.9296, 0.6509
77.9296, 0.6503
77.9296, 0.6499
77.9378, 0.6494
77.9378, 0.6489
77.9378, 0.6484
77.9461, 0.6479
77.9461, 0.6474
77.946, 0.6469
77.9543, 0.6463
77.9543, 0.6459
77.9543, 0.6454
77.9543, 0.6449
77.9542, 0.6444
77.9625, 0.6439
77.9625, 0.6434
77.9625, 0.643
77.9708, 0.6425
77.9707, 0.642
77.9707, 0.6415
77.979, 0.641
77.979, 0.6404
77.979, 0.64
77.9788, 0.6395
77.9788, 0.639
77.9872, 0.6385
77.9872, 0.638
77.9872, 0.6375
77.987, 0.637
77.9954, 0.6364
77.9954, 0.636
77.9954, 0.6355
78.0036, 0.635
78.0036, 0.6345
78.0036, 0.634
78.0036, 0.6335
78.0036, 0.633
78.0118, 0.6326
78.0118, 0.632
78.0118, 0.6316
78.0118, 0.6311
78.0118, 0.6306
78.0201, 0.6301
78.02, 0.6296
78.02, 0.6291
78.02, 0.6286
78.02, 0.628
78.02, 0.6276
78.02, 0.6271
78.0199, 0.6266
78.0199, 0.6261
78.0282, 0.6256
78.0282, 0.6251
78.0282, 0.6246
78.0364, 0.624
78.0364, 0.6236
78.0364, 0.6231
78.0364, 0.6226
78.0364, 0.6221
78.0363, 0.6217
78.0446, 0.6212
78.0446, 0.6207
78.0529, 0.6207
78.0529, 0.6202
78.0611, 0.6202
78.0611, 0.6197
78.0611, 0.6192
78.0611, 0.6187
78.0611, 0.6181
78.0611, 0.6177
78.0611, 0.6172
78.061, 0.6167
78.0693, 0.6162
78.0693, 0.6157
78.0693, 0.6152
78.0693, 0.6147
78.0692, 0.6141
78.0692, 0.6137
78.0775, 0.6132
78.0775, 0.6127
78.0857, 0.6122
78.0857, 0.6118
78.0857, 0.6113
78.0857, 0.6108
78.094, 0.6103
78.0939, 0.6098
78.0939, 0.6093
78.0939, 0.6088
78.0939, 0.6082
78.1022, 0.6078
78.1021, 0.6073
78.1104, 0.6068
78.1104, 0.6063
78.1104, 0.6058
78.1104, 0.6053
78.1104, 0.6048
78.1103, 0.6042
78.1186, 0.6038
78.1186, 0.6033
78.1186, 0.6028
78.1186, 0.6023
78.1268, 0.6019
78.1268, 0.6014
78.1268, 0.6009
78.1268, 0.6004
78.135, 0.5998
78.135, 0.5994
78.135, 0.5989
78.135, 0.5984
78.135, 0.5979
78.1432, 0.5974
78.1432, 0.5969
78.1432, 0.5964
78.1432, 0.5958
78.1432, 0.5954
78.1432, 0.5949
78.1431, 0.5944
78.1431, 0.5939
78.1431, 0.5934
78.1514, 0.5929
78.1514, 0.5924
78.1513, 0.5918
78.1596, 0.5915
78.1596, 0.591
78.1596, 0.5905
78.1596, 0.5899
78.1596, 0.5895
78.1595, 0.589
78.1595, 0.5885
78.1678, 0.588
78.1678, 0.5875
78.1678, 0.587
78.1677, 0.5865
78.176, 0.5859
78.176, 0.5855
78.176, 0.585
78.176, 0.5845
78.1759, 0.584
78.1759, 0.5835
78.1759, 0.583
78.1842, 0.5825
78.1842, 0.5819
78.1841, 0.5815
78.1841, 0.5811
78.1924, 0.5806
78.1924, 0.58
78.1924, 0.5796
78.1923, 0.5791
78.1923, 0.5786
78.1923, 0.5781
78.1923, 0.5776
78.2006, 0.5771
78.2088, 0.5766
78.2088, 0.576
78.2088, 0.5756
78.2088, 0.5751
78.2088, 0.5746
78.2088, 0.5741
78.2086, 0.5735
78.217, 0.5731
78.217, 0.5726
78.217, 0.5721
78.217, 0.5716
78.2169, 0.5712
78.2169, 0.5707
78.2169, 0.5702
78.2169, 0.5697
78.2169, 0.5692
78.2169, 0.5687
78.2251, 0.5682
78.2251, 0.5676
78.2251, 0.5672
78.2251, 0.5667
78.2333, 0.5662
78.2333, 0.5657
78.2333, 0.5652
78.2416, 0.5647
78.2416, 0.5642
78.2498, 0.5636
78.2498, 0.5632
78.2498, 0.5627
78.2498, 0.5622
78.2498, 0.5617
78.2498, 0.5612
78.2497, 0.5608
78.2497, 0.5603
78.2497, 0.5598
78.258, 0.5593
78.258, 0.5588
78.2579, 0.5583
78.2579, 0.5577
78.2579, 0.5573
78.2662, 0.5568
78.2662, 0.5563
78.2661, 0.5558
78.2661, 0.5553
78.2661, 0.5548
78.2661, 0.5543
78.2661, 0.5537
78.2743, 0.5533
78.2743, 0.5528
78.2743, 0.5523
78.2826, 0.5518
78.2826, 0.5513
78.2825, 0.5508
78.2825, 0.5504
78.2825, 0.5499
78.2825, 0.5493
78.2825, 0.5489
78.2825, 0.5484
78.2907, 0.5479
78.2907, 0.5474
78.2907, 0.5469
78.2907, 0.5464
78.299, 0.5459
78.2989, 0.5453
78.2989, 0.5449
78.3072, 0.5444
78.3072, 0.5439
78.3072, 0.5434
78.3071, 0.5429
78.3071, 0.5424
78.3071, 0.5419
78.3071, 0.5413
78.3154, 0.5409
78.3153, 0.5404
78.3153, 0.54
78.3153, 0.5394
78.3153, 0.539
78.3235, 0.539
78.3317, 0.5385
78.3401, 0.5385
78.3401, 0.538
78.3401, 0.5375
78.3401, 0.537
78.3401, 0.5365
78.34, 0.536
78.34, 0.5354
78.34, 0.535
78.34, 0.5345
78.34, 0.534
78.3483, 0.5335
78.3482, 0.533
78.3565, 0.5325
78.3565, 0.532
78.3565, 0.5314
78.3565, 0.531
78.3564, 0.5305
78.3647, 0.53
78.3647, 0.5295
78.3647, 0.5291
78.3647, 0.5286
78.3646, 0.5281
78.3646, 0.5276
78.3729, 0.5271
78.3729, 0.5266
78.3729, 0.5261
78.3811, 0.5255
78.3811, 0.5251
78.3811, 0.5246
78.3894, 0.5246
78.3894, 0.5241
78.3893, 0.5236
78.3976, 0.5231
78.3976, 0.5226
78.4059, 0.5221
78.4059, 0.5215
78.4141, 0.5211
78.4141, 0.5206
78.4224, 0.5201
78.4224, 0.5197
78.4306, 0.5192
78.4306, 0.5187
78.4306, 0.5182
78.4306, 0.5177
78.4306, 0.5171
78.4304, 0.5167
78.4304, 0.5162
78.4304, 0.5157
78.4388, 0.5152
78.4388, 0.5147
78.4386, 0.5142
78.4386, 0.5137
78.4386, 0.5131
78.4386, 0.5127
78.447, 0.5122
78.447, 0.5117
78.4469, 0.5112
78.4552, 0.5107
78.4552, 0.5102
78.4552, 0.5097
78.4634, 0.5093
78.4634, 0.5088
78.4634, 0.5083
78.4634, 0.5078
78.4634, 0.5072
78.4634, 0.5068
78.4716, 0.5063
78.4716, 0.5058
78.4716, 0.5053
78.4716, 0.5048
78.4716, 0.5043
78.4715, 0.5038
78.4798, 0.5032
78.4798, 0.5028
78.4798, 0.5023
78.488, 0.5018
78.488, 0.5013
78.488, 0.5008
78.488, 0.5003
78.488, 0.4998
78.4963, 0.4993
78.4962, 0.4989
78.4962, 0.4984
78.5045, 0.4979
78.5045, 0.4974
78.5045, 0.4969
78.5044, 0.4964
78.5127, 0.4959
78.5127, 0.4954
78.5127, 0.4949
78.5209, 0.4944
78.5209, 0.4939
78.5292, 0.4939
78.5292, 0.4934
78.5292, 0.4929
78.5373, 0.4924
78.5373, 0.4919
78.5373, 0.4914
78.5373, 0.4909
78.5373, 0.4904
78.5455, 0.4899
78.5455, 0.4894
78.5455, 0.4889
78.5455, 0.4885
78.5539, 0.488
78.5539, 0.4875
78.5621, 0.487
78.5704, 0.487
78.5704, 0.4865
78.5787, 0.4865
78.5869, 0.486
78.5869, 0.4855
78.5869, 0.4849
78.5869, 0.4845
78.5869, 0.484
78.5869, 0.4835
78.5951, 0.483
78.5951, 0.4825
78.6034, 0.4825
78.6034, 0.482
78.6034, 0.4815
78.6033, 0.4809
78.6116, 0.4805
78.6116, 0.48
78.6116, 0.4795
78.6199, 0.4791
78.6198, 0.4786
78.6198, 0.4781
78.6198, 0.4776
78.6198, 0.4771
78.6198, 0.4766
78.6198, 0.4761
78.628, 0.4756
78.628, 0.4751
78.628, 0.4746
78.6362, 0.4741
78.6362, 0.4736
78.6362, 0.4731
78.6362, 0.4726
78.6362, 0.4721
78.6444, 0.4716
78.6444, 0.4711
78.6444, 0.4706
78.6526, 0.4701
78.6526, 0.4696
78.6526, 0.4691
78.6609, 0.4687
78.6609, 0.4682
78.6609, 0.4677
78.6692, 0.4672
78.6692, 0.4667
78.6691, 0.4662
78.6774, 0.4657
78.6774, 0.4652
78.6774, 0.4647
78.6774, 0.4642
78.6773, 0.4637
78.6856, 0.4632
78.6856, 0.4627
78.6856, 0.4622
78.6856, 0.4617
78.6855, 0.4612
78.6855, 0.4607
78.6938, 0.4602
78.6938, 0.4597
78.7021, 0.4597
78.702, 0.4592
78.702, 0.4586
78.702, 0.4583
78.7103, 0.4578
78.7103, 0.4573
78.7185, 0.4567
78.7185, 0.4563
78.7185, 0.4558
78.7185, 0.4553
78.7185, 0.4548
78.7267, 0.4543
78.7267, 0.4538
78.7267, 0.4533
78.7267, 0.4527
78.7267, 0.4523
78.7267, 0.4518
78.7349, 0.4513
78.7349, 0.4508
78.7349, 0.4503
78.7349, 0.4498
78.7431, 0.4493
78.7431, 0.4487
78.7431, 0.4483
78.7431, 0.4479
78.7431, 0.4474
78.7513, 0.4469
78.7513, 0.4464
78.7596, 0.4459
78.7596, 0.4454
78.7596, 0.4449
78.7679, 0.4449
78.7678, 0.4444
78.7761, 0.4439
78.7761, 0.4434
78.7761, 0.4429
78.7761, 0.4424
78.776, 0.4419
78.7843, 0.4414
78.7843, 0.4409
78.7843, 0.4404
78.7843, 0.4399
78.7842, 0.4394
78.7842, 0.4389
78.7925, 0.4384
78.8008, 0.438
78.8007, 0.4375
78.8007, 0.437
78.8007, 0.4365
78.809, 0.436
78.8172, 0.4355
78.8172, 0.435
78.8255, 0.4344
78.8255, 0.434
78.8255, 0.4335
78.8255, 0.433
78.8254, 0.4325
78.8336, 0.432
78.8336, 0.4315
78.8336, 0.431
78.8336, 0.4304
78.8418, 0.43
78.8418, 0.4295
78.8418, 0.429
78.8418, 0.4285
78.85, 0.428
78.85, 0.4276
78.85, 0.4271
78.8584, 0.4266
78.8584, 0.4261
78.8582, 0.4256
78.8582, 0.4251
78.8666, 0.4245
78.8666, 0.4241
78.8748, 0.4236
78.8748, 0.4231
78.8748, 0.4226
78.8748, 0.4221
78.8831, 0.4216
78.8831, 0.4211
78.883, 0.4205
78.883, 0.4201
78.8913, 0.4196
78.8913, 0.4191
78.8913, 0.4186
78.8912, 0.4181
78.8995, 0.4177
78.8995, 0.4172
78.8995, 0.4167
78.9077, 0.4162
78.9077, 0.4157
78.916, 0.4157
78.916, 0.4152
78.916, 0.4147
78.9242, 0.4142
78.9242, 0.4137
78.9242, 0.4132
78.9242, 0.4127
78.9325, 0.4122
78.9325, 0.4117
78.9324, 0.4112
78.9407, 0.4107
78.9407, 0.4102
78.9407, 0.4097
78.9489, 0.4092
78.9489, 0.4087
78.9572, 0.4082
78.9572, 0.4077
78.9572, 0.4073
78.9654, 0.4068
78.9654, 0.4062
78.9654, 0.4058
78.9737, 0.4053
78.9736, 0.4048
78.9736, 0.4043
78.9736, 0.4038
78.9819, 0.4033
78.9819, 0.4028
78.9818, 0.4022
78.9901, 0.4018
78.9901, 0.4013
78.9901, 0.4008
78.9901, 0.4003
78.9983, 0.3998
78.9983, 0.3993
78.9983, 0.3988
78.9983, 0.3982
79.0066, 0.3978
79.0065, 0.3974
79.0148, 0.3969
79.0148, 0.3963
79.0231, 0.3959
79.023, 0.3954
79.023, 0.3949
79.023, 0.3944
79.0313, 0.3939
79.0313, 0.3934
79.0312, 0.3929
79.0312, 0.3924
79.0312, 0.3919
79.0312, 0.3914
79.0312, 0.3909
79.0312, 0.3904
79.0394, 0.3899
79.0394, 0.3894
79.0394, 0.3889
79.0394, 0.3884
79.0477, 0.3879
79.0476, 0.3874
79.0476, 0.387
79.0559, 0.3865
79.0559, 0.386
79.0559, 0.3855
79.0641, 0.385
79.0641, 0.3845
79.0641, 0.384
79.0724, 0.3835
79.0723, 0.383
79.0806, 0.3825
79.0806, 0.382
79.0806, 0.3815
79.0806, 0.381
79.0805, 0.3805
79.0805, 0.38
79.0805, 0.3795
79.0888, 0.379
79.0888, 0.3785
79.097, 0.378
79.097, 0.3775
79.1053, 0.377
79.1053, 0.3766
79.1135, 0.3761
79.1135, 0.3756
79.1135, 0.3751
79.1135, 0.3746
79.1218, 0.374
79.1217, 0.3736
79.1217, 0.3731
79.13, 0.3726
79.13, 0.3721
79.1381, 0.3716
79.1381, 0.3711
79.1381, 0.3706
79.1465, 0.37
79.1465, 0.3696
79.1464, 0.3691
79.1464, 0.3686
79.1464, 0.3681
79.1547, 0.3676
79.1547, 0.3671
79.1547, 0.3667
79.1629, 0.3662
79.1629, 0.3657
79.1712, 0.3652
79.1712, 0.3647
79.1794, 0.3642
79.1794, 0.3637
79.1877, 0.3632
79.1877, 0.3627
79.1876, 0.3622
79.1876, 0.3617
79.1876, 0.3612
79.1959, 0.3607
79.2041, 0.3602
79.2041, 0.3597
79.2124, 0.3592
79.2124, 0.3587
79.2124, 0.3582
79.2206, 0.3577
79.2206, 0.3572
79.2288, 0.3568
79.2372, 0.3563
79.2371, 0.3558
79.2454, 0.3553
79.2454, 0.3548
79.2454, 0.3543
79.2536, 0.3538
79.2536, 0.3533
79.2619, 0.3528
79.2619, 0.3523
79.2619, 0.3518
79.2701, 0.3513
79.2701, 0.3508
79.2784, 0.3503
79.2784, 0.3498
79.2784, 0.3493
79.2866, 0.3488
79.2866, 0.3483
79.2866, 0.3477
79.2949, 0.3473
79.2948, 0.3468
79.3031, 0.3464
79.3031, 0.3458
79.3031, 0.3454
79.3113, 0.3449
79.3113, 0.3444
79.3113, 0.3439
79.3113, 0.3434
79.3195, 0.3429
79.3195, 0.3424
79.3195, 0.3418
79.3277, 0.3414
79.3277, 0.3409
79.3277, 0.3404
79.336, 0.3399
79.336, 0.3394
79.336, 0.3389
79.3443, 0.3384
79.3443, 0.3378
79.3525, 0.3374
79.3525, 0.3369
79.3525, 0.3365
79.3608, 0.336
79.3607, 0.3355
79.3607, 0.335
79.369, 0.3345
79.369, 0.334
79.369, 0.3335
79.3772, 0.333
79.3772, 0.3325
79.3772, 0.332
79.3855, 0.3315
79.3855, 0.331
79.3937, 0.331
79.402, 0.3305
79.402, 0.33
79.4102, 0.3295
79.4102, 0.329
79.4102, 0.3285
79.4102, 0.328
79.4184, 0.3275
79.4184, 0.327
79.4184, 0.3265
79.4267, 0.3261
79.4267, 0.3256
79.4267, 0.3251
79.4267, 0.3246
79.4349, 0.3246
79.4349, 0.3241
79.4349, 0.3235
79.4432, 0.3231
79.4432, 0.3226
79.4432, 0.3221
79.4431, 0.3216
79.4514, 0.3211
79.4514, 0.3206
79.4514, 0.3201
79.4514, 0.3195
79.4596, 0.3191
79.4596, 0.3186
79.4679, 0.3181
79.4679, 0.3176
79.4678, 0.3171
79.4761, 0.3171
79.4761, 0.3166
79.4761, 0.3162
79.4844, 0.3157
79.4843, 0.3152
79.4843, 0.3147
79.4926, 0.3142
79.4926, 0.3136
79.4926, 0.3132
79.4925, 0.3127
79.4925, 0.3122
79.4925, 0.3117
79.5008, 0.3112
79.5008, 0.3107
79.5008, 0.3102
79.5007, 0.3096
79.509, 0.3092
79.509, 0.3087
79.5173, 0.3082
79.5171, 0.3077
79.5171, 0.3072
79.5171, 0.3067
79.5171, 0.3062
79.5255, 0.3058
79.5253, 0.3053
79.5337, 0.3048
79.5337, 0.3043
79.5337, 0.3038
79.5419, 0.3033
79.5419, 0.3028
79.5502, 0.3023
79.5502, 0.3018
79.5502, 0.3013
79.5502, 0.3008
79.5501, 0.3003
79.5501, 0.2998
79.5584, 0.2993
79.5584, 0.2988
79.5667, 0.2988
79.5666, 0.2983
79.5749, 0.2978
79.5749, 0.2973
79.5832, 0.2968
79.5831, 0.2963
79.5914, 0.2959
79.5914, 0.2953
79.5914, 0.2949
79.5996, 0.2944
79.5996, 0.2939
79.5996, 0.2934
79.6078, 0.2929
79.6078, 0.2924
79.6078, 0.2919
79.6078, 0.2913
79.616, 0.2909
79.616, 0.2904
79.616, 0.2899
79.6242, 0.2894
79.6242, 0.2889
79.6326, 0.2884
79.6409, 0.2879
79.6408, 0.2873
79.6408, 0.2869
79.6491, 0.2864
79.6491, 0.2859
79.6491, 0.2854
79.649, 0.285
79.6573, 0.2845
79.6573, 0.284
79.6656, 0.2835
79.6656, 0.283
79.6655, 0.2825
79.6655, 0.282
79.6738, 0.2814
79.6738, 0.281
79.6738, 0.2805
79.682, 0.28
79.682, 0.2795
79.6903, 0.279
79.6903, 0.2785
79.6985, 0.278
79.6985, 0.2775
79.6985, 0.277
79.7067, 0.2765
79.7067, 0.276
79.7149, 0.2756
79.7149, 0.2751
79.7149, 0.2746
79.7231, 0.2741
79.7231, 0.2736
79.7315, 0.2731
79.7315, 0.2726
79.7398, 0.2721
79.7397, 0.2716
79.7397, 0.2711
79.7397, 0.2706
79.7397, 0.2701
79.7397, 0.2696
79.7479, 0.2691
79.7479, 0.2686
79.7479, 0.2681
79.7479, 0.2676
79.7562, 0.2671
79.7561, 0.2666
79.7644, 0.2661
79.7644, 0.2656
79.7727, 0.2652
79.7726, 0.2647
79.7809, 0.2642
79.7809, 0.2637
79.7809, 0.2631
79.7892, 0.2627
79.7891, 0.2622
79.7891, 0.2617
79.7974, 0.2612
79.7974, 0.2607
79.7974, 0.2602
79.7973, 0.2597
79.7973, 0.2591
79.7973, 0.2587
79.7973, 0.2582
79.8056, 0.2577
79.8054, 0.2572
79.8054, 0.2567
79.8138, 0.2562
79.8138, 0.2557
79.8138, 0.2553
79.8136, 0.2548
79.822, 0.2543
79.822, 0.2538
79.8303, 0.2533
79.8302, 0.2528
79.8302, 0.2523
79.8302, 0.2518
79.8385, 0.2513
79.8385, 0.2508
79.8385, 0.2503
79.8467, 0.2498
79.8467, 0.2493
79.8467, 0.2488
79.8467, 0.2483
79.8549, 0.2478
79.8549, 0.2473
79.8549, 0.2468
79.8632, 0.2463
79.8632, 0.2458
79.8714, 0.2453
79.8714, 0.2449
79.8714, 0.2444
79.8797, 0.2439
79.8879, 0.2434
79.8879, 0.2429
79.8879, 0.2424
79.8879, 0.2419
79.8961, 0.2414
79.8961, 0.2409
79.8961, 0.2404
79.9043, 0.2399
79.9043, 0.2394
79.9125, 0.2389
79.9125, 0.2384
79.9125, 0.2379
79.9209, 0.2374
79.9209, 0.2368
79.9207, 0.2364
79.9291, 0.2359
79.9291, 0.2354
79.9291, 0.2349
79.9291, 0.2345
79.9373, 0.234
79.9373, 0.2335
79.9373, 0.233
79.9456, 0.2325
79.9456, 0.232
79.9455, 0.2315
79.9538, 0.2315
79.9538, 0.231
79.9538, 0.2305
79.9538, 0.23
79.9538, 0.2295
79.962, 0.229
79.962, 0.2285
79.962, 0.228
79.962, 0.2275
79.962, 0.227
79.9702, 0.2265
79.9702, 0.226
79.9785, 0.226
79.9785, 0.2255
79.9867, 0.225
79.9867, 0.2246
79.9867, 0.2241
79.995, 0.2236
79.995, 0.2231
79.9949, 0.2226
80.0032, 0.2221
80.0032, 0.2216
80.0032, 0.2211
80.0032, 0.2206
80.0032, 0.2201
80.0114, 0.2196
80.0197, 0.2191
80.0197, 0.2186
80.0197, 0.2181
80.0279, 0.2176
80.0279, 0.2171
80.0279, 0.2166
80.0279, 0.2161
80.0279, 0.2156
80.0361, 0.2151
80.0444, 0.2147
80.0444, 0.2142
80.0444, 0.2137
80.0526, 0.2132
80.0526, 0.2127
80.0526, 0.2122
80.0609, 0.2117
80.0609, 0.2112
80.0691, 0.2107
80.0691, 0.2102
80.0691, 0.2097
80.0774, 0.2092
80.0773, 0.2086
80.0773, 0.2082
80.0856, 0.2077
80.0856, 0.2072
80.0856, 0.2067
80.0937, 0.2062
80.0937, 0.2057
80.0937, 0.2052
80.1021, 0.2046
80.102, 0.2043
80.102, 0.2038
80.1103, 0.2033
80.1103, 0.2028
80.1103, 0.2023
80.1185, 0.2018
80.1185, 0.2013
80.1185, 0.2008
80.1185, 0.2003
80.1268, 0.1998
80.1267, 0.1993
80.1267, 0.1988
80.1267, 0.1983
80.135, 0.1978
80.135, 0.1973
80.1349, 0.1968
80.1432, 0.1963
80.1432, 0.1958
80.1515, 0.1953
80.1514, 0.1948
80.1597, 0.1944
80.1597, 0.1939
80.168, 0.1934
80.1679, 0.1929
80.1762, 0.1924
80.1844, 0.1919
80.1928, 0.1914
80.1927, 0.1909
80.1927, 0.1904
80.1927, 0.1899
80.201, 0.1894
80.201, 0.1889
80.2009, 0.1884
80.2092, 0.1879
80.2175, 0.1874
80.2175, 0.1869
80.2174, 0.1864
80.2174, 0.1859
80.2257, 0.1854
80.2257, 0.1849
80.234, 0.1844
80.2339, 0.184
80.2339, 0.1835
80.2339, 0.183
80.2339, 0.1825
80.2422, 0.182
80.2504, 0.1815
80.2504, 0.181
80.2504, 0.1804
80.2587, 0.18
80.2586, 0.1795
80.2586, 0.179
80.2586, 0.1785
80.2586, 0.178
80.2669, 0.1775
80.2668, 0.177
80.2668, 0.1764
80.2751, 0.176
80.2751, 0.1755
80.2833, 0.175
80.2833, 0.1745
80.2833, 0.1741
80.2833, 0.1736
80.2916, 0.1731
80.2916, 0.1726
80.2998, 0.1721
80.3081, 0.1716
80.3081, 0.1711
80.3163, 0.1706
80.3163, 0.1701
80.3163, 0.1696
80.3246, 0.1691
80.3246, 0.1686
80.3245, 0.1681
80.3245, 0.1676
80.3328, 0.1671
80.3328, 0.1666
80.3328, 0.1661
80.341, 0.1656
80.3493, 0.1651
80.3493, 0.1646
80.3493, 0.1641
80.3493, 0.1637
80.3492, 0.1632
80.3575, 0.1627
80.3575, 0.1622
80.3658, 0.1617
80.374, 0.1612
80.374, 0.1607
80.3822, 0.1602
80.3822, 0.1597
80.3822, 0.1592
80.3905, 0.1587
80.3905, 0.1582
80.3905, 0.1577
80.3987, 0.1572
80.407, 0.1567
80.407, 0.1562
80.407, 0.1557
80.407, 0.1552
80.4152, 0.1547
80.4152, 0.1542
80.4152, 0.1538
80.4235, 0.1533
80.4235, 0.1528
80.4234, 0.1522
80.4234, 0.1518
80.4317, 0.1513
80.44, 0.1508
80.4399, 0.1503
80.4399, 0.1498
80.4482, 0.1493
80.4482, 0.1488
80.4482, 0.1482
80.4564, 0.1478
80.4564, 0.1473
80.4647, 0.1468
80.4647, 0.1463
80.4647, 0.1458
80.4729, 0.1453
80.4729, 0.1448
80.4729, 0.1443
80.4729, 0.1439
80.4811, 0.1434
80.4811, 0.1429
80.4894, 0.1424
80.4894, 0.1419
80.4976, 0.1414
80.4976, 0.1409
80.4976, 0.1404
80.5059, 0.1399
80.5059, 0.1394
80.5058, 0.1389
80.5141, 0.1384
80.5141, 0.1379
80.5224, 0.1374
80.5224, 0.1369
80.5223, 0.1364
80.5223, 0.1359
80.5223, 0.1354
80.5306, 0.1354
80.5389, 0.1349
80.5388, 0.1344
80.5388, 0.1339
80.5388, 0.1335
80.5388, 0.133
80.5471, 0.1325
80.547, 0.132
80.5553, 0.132
80.5553, 0.1315
80.5636, 0.131
80.5636, 0.1305
80.5718, 0.13
80.5718, 0.1295
80.5718, 0.129
80.5718, 0.1285
80.58, 0.128
80.58, 0.1275
80.5883, 0.1275
80.5883, 0.127
80.5966, 0.1265
80.5966, 0.126
80.6048, 0.1255
80.6048, 0.125
80.6048, 0.1245
80.6048, 0.124
80.613, 0.1236
80.613, 0.1231
80.6213, 0.1226
80.6296, 0.1221
80.6295, 0.1216
80.6378, 0.1211
80.6378, 0.1206
80.6461, 0.1201
80.6461, 0.1196
80.6543, 0.1196
80.6543, 0.1191
80.6543, 0.1186
80.6625, 0.1181
80.6625, 0.1176
80.6625, 0.1171
80.6625, 0.1166
80.6707, 0.1166
80.6791, 0.1161
80.6791, 0.1156
80.6873, 0.1151
80.6873, 0.1146
80.6873, 0.1141
80.6956, 0.1137
80.6955, 0.1132
80.6955, 0.1127
80.6955, 0.1122
80.7038, 0.1117
80.7121, 0.1112
80.712, 0.1107
80.712, 0.1102
80.7203, 0.1097
80.7203, 0.1092
80.7285, 0.1087
80.7285, 0.1082
80.7285, 0.1077
80.7368, 0.1072
80.745, 0.1067
80.745, 0.1062
80.745, 0.1057
80.7532, 0.1052
80.7532, 0.1047
80.7614, 0.1042
80.7698, 0.1037
80.7698, 0.1033
80.7698, 0.1028
80.778, 0.1023
80.778, 0.1018
80.7863, 0.1013
80.7863, 0.1008
80.7945, 0.1003
80.7945, 0.0998
80.7945, 0.0993
80.8028, 0.0988
80.8028, 0.0983
80.8027, 0.0977
80.811, 0.0973
80.811, 0.0968
80.8193, 0.0963
80.8275, 0.0958
80.8275, 0.0953
80.8357, 0.0948
80.8357, 0.0943
80.8357, 0.0937
80.8439, 0.0934
80.8439, 0.0929
80.8439, 0.0924
80.8439, 0.0919
80.8521, 0.0914
80.8521, 0.0909
80.8605, 0.0904
80.8688, 0.0899
80.8687, 0.0894
80.877, 0.0889
80.877, 0.0884
80.8853, 0.0879
80.8852, 0.0874
80.8935, 0.0869
80.8935, 0.0864
80.9018, 0.0859
80.9018, 0.0854
80.9017, 0.0849
80.91, 0.0844
80.9183, 0.0839
80.9183, 0.0835
80.9264, 0.083
80.9264, 0.0825
80.9348, 0.082
80.9348, 0.0815
80.943, 0.081
80.943, 0.0805
80.943, 0.08
80.943, 0.0795
80.9513, 0.079
80.9512, 0.0785
80.9595, 0.0785
80.9595, 0.078
80.9678, 0.0775
80.9678, 0.077
80.976, 0.0765
80.9843, 0.076
80.9926, 0.0755
80.9925, 0.075
81.0008, 0.0745
81.0008, 0.074
81.0091, 0.0735
81.0173, 0.0731
81.0173, 0.0726
81.0256, 0.0721
81.0256, 0.0716
81.0256, 0.0711
81.0338, 0.0711
81.0421, 0.0706
81.0421, 0.0701
81.0504, 0.0695
81.0586, 0.0691
81.0669, 0.0686
81.0669, 0.0681
81.0751, 0.0676
81.0751, 0.0671
81.0834, 0.0666
81.0917, 0.0661
81.0917, 0.0656
81.0999, 0.0651
81.1082, 0.0646
81.1165, 0.0641
81.1164, 0.0637
81.1164, 0.0632
81.1247, 0.0627
81.133, 0.0622
81.1329, 0.0617
81.1412, 0.0612
81.1495, 0.0607
81.1578, 0.0602
81.166, 0.0597
81.1743, 0.0592
81.1826, 0.0587
81.1825, 0.0582
81.1908, 0.0577
81.1991, 0.0572
81.2073, 0.0567
81.2156, 0.0562
81.2239, 0.0557
81.2322, 0.0552
81.2404, 0.0547
81.2487, 0.0543
81.257, 0.0538
81.2652, 0.0533
81.2735, 0.0528
81.2818, 0.0528
81.2901, 0.0523
81.2983, 0.0518
81.2983, 0.0513
81.3066, 0.0508
81.3149, 0.0508
81.3231, 0.0508
81.3231, 0.0503
81.3314, 0.0503
81.3397, 0.0503
81.3397, 0.0498
81.3397, 0.0493
81.3479, 0.0493
81.3562, 0.0488
81.3562, 0.0483
81.3645, 0.0483
81.3728, 0.0478
81.381, 0.0473
81.3893, 0.0473
81.3976, 0.0468
81.4058, 0.0463
81.4141, 0.0458
81.4224, 0.0453
81.4307, 0.0453
81.4389, 0.0449
81.4472, 0.0449
81.4555, 0.0444
81.4638, 0.0439
81.472, 0.0434
81.4803, 0.0434
81.4886, 0.0429
81.4968, 0.0424
81.5051, 0.0424
81.5133, 0.0419
81.5217, 0.0419
81.53, 0.0419
81.5382, 0.0414
81.5465, 0.0409
81.5548, 0.0404
81.5631, 0.0404
81.5713, 0.0399
81.5796, 0.0394
81.5878, 0.0394
81.5962, 0.0389
81.6044, 0.0384
81.6127, 0.0384
81.621, 0.0379
81.6293, 0.0379
81.6375, 0.0374
81.6458, 0.0369
81.6541, 0.0364
81.6623, 0.0364
81.6705, 0.0364
81.6789, 0.0364
81.6872, 0.036
81.6955, 0.036
81.7038, 0.036
81.712, 0.036
81.712, 0.0355
81.7203, 0.0355
81.7286, 0.0355
81.7368, 0.0355
81.7452, 0.035
81.7534, 0.0345
81.7617, 0.0345
81.77, 0.0345
81.7783, 0.0345
81.7866, 0.0345
81.7948, 0.034
81.8031, 0.034
81.8114, 0.0335
81.8197, 0.033
81.8279, 0.033
81.8362, 0.0325
81.8445, 0.0325
81.8528, 0.0325
81.861, 0.032
81.8693, 0.032
81.8776, 0.032
81.8859, 0.0315
81.8942, 0.0315
81.9024, 0.0315
81.9106, 0.0315
81.919, 0.0315
81.9273, 0.031
81.9356, 0.031
81.9438, 0.0305
81.9521, 0.0305
81.9604, 0.03
81.9687, 0.03
81.9769, 0.0295
81.9851, 0.0295
81.9935, 0.0295
82.0018, 0.029
82.0101, 0.029
82.0184, 0.029
82.0266, 0.0285
82.0349, 0.0285
82.0432, 0.0285
82.0515, 0.0285
82.0515, 0.028
82.0515, 0.0276
82.0597, 0.0271
82.068, 0.0271
82.0763, 0.0271
82.0846, 0.0266
82.0928, 0.0266
82.1011, 0.0261
82.1094, 0.0256
82.1177, 0.0256
82.126, 0.0256
82.1342, 0.0256
82.1425, 0.0251
82.1508, 0.0251
82.1591, 0.0251
82.1673, 0.0246
82.1756, 0.0246
82.1839, 0.0246
82.1922, 0.0246
82.2005, 0.0241
82.2088, 0.0241
82.2086, 0.0236
82.217, 0.0236
82.2253, 0.0236
82.2336, 0.0236
82.2419, 0.0236
82.2502, 0.0236
82.2584, 0.0231
82.2667, 0.0231
82.275, 0.0231
82.2833, 0.0231
82.2916, 0.0231
82.2999, 0.0231
82.3081, 0.0226
82.3164, 0.0221
82.3247, 0.0221
82.3329, 0.0216
82.3412, 0.0211
82.3495, 0.0211
82.3578, 0.0211
82.366, 0.0211
82.3744, 0.0211
82.3826, 0.0206
82.3909, 0.0206
82.3992, 0.0206
82.4075, 0.0201
82.4157, 0.0201
82.424, 0.0201
82.424, 0.0197
82.4323, 0.0197
82.4405, 0.0197
82.4489, 0.0197
82.4571, 0.0192
82.4654, 0.0192
82.4737, 0.0192
82.482, 0.0192
82.4903, 0.0192
82.4985, 0.0187
82.5068, 0.0187
82.5151, 0.0182
82.5234, 0.0182
82.5316, 0.0177
82.5399, 0.0177
82.5482, 0.0177
82.5565, 0.0177
82.5648, 0.0172
82.5731, 0.0172
82.5813, 0.0172
82.5896, 0.0172
82.5979, 0.0167
82.6061, 0.0167
82.6145, 0.0167
82.6228, 0.0167
82.631, 0.0167
82.6393, 0.0162
82.6476, 0.0162
82.6559, 0.0162
82.6641, 0.0157
82.6724, 0.0157
82.6724, 0.0152
82.6806, 0.0152
82.689, 0.0152
82.6973, 0.0147
82.7055, 0.0147
82.7138, 0.0147
82.7221, 0.0147
82.7304, 0.0147
82.7387, 0.0142
82.7469, 0.0142
82.7551, 0.0142
82.7635, 0.0142
82.7718, 0.0137
82.7801, 0.0137
82.7883, 0.0132
82.7966, 0.0132
82.8049, 0.0132
82.8132, 0.0132
82.8215, 0.0132
82.8298, 0.0132
82.838, 0.0127
82.8463, 0.0127
82.8546, 0.0127
82.8629, 0.0127
82.8712, 0.0123
82.8794, 0.0123
82.8877, 0.0123
82.896, 0.0123
82.9043, 0.0118
82.9125, 0.0118
82.9209, 0.0118
82.9291, 0.0118
82.9374, 0.0118
82.9457, 0.0118
82.954, 0.0118
82.9623, 0.0113
82.9705, 0.0113
82.9788, 0.0113
82.987, 0.0113
82.9954, 0.0108
83.0037, 0.0108
83.012, 0.0108
83.0202, 0.0103
83.0285, 0.0103
83.0368, 0.0103
83.0451, 0.0103
83.0534, 0.0103
83.0616, 9.7859e-3
83.0699, 9.7864e-3
83.0782, 9.7869e-3
83.0865, 9.7874e-3
83.0948, 9.7879e-3
83.103, 9.2932e-3
83.1113, 9.2937e-3
83.1196, 9.2942e-3
83.1279, 9.2947e-3
83.1362, 9.2952e-3
83.1445, 9.2957e-3
83.1527, 8.8009e-3
83.161, 8.8015e-3
83.1693, 8.802e-3
83.1776, 8.8025e-3
83.1859, 8.3077e-3
83.1941, 8.3082e-3
83.2024, 8.3087e-3
83.2107, 8.3092e-3
83.219, 8.3097e-3
83.2273, 8.3103e-3
83.2356, 8.3108e-3
83.2438, 7.816e-3
83.2521, 7.8165e-3
83.2604, 7.817e-3
83.2687, 7.8175e-3
83.277, 7.818e-3
83.2852, 7.8186e-3
83.2934, 7.8191e-3
83.3018, 7.3243e-3
83.3101, 7.3248e-3
83.3184, 6.83e-3
83.3267, 6.8305e-3
83.3349, 6.831e-3
83.3432, 6.3363e-3
83.3515, 6.3368e-3
83.3598, 6.3373e-3
83.3681, 6.3378e-3
83.3763, 6.3383e-3
83.3846, 6.3388e-3
83.3929, 6.3393e-3
83.4012, 6.3398e-3
83.4095, 6.3404e-3
83.4178, 5.8456e-3
83.426, 5.8461e-3
83.4343, 5.8466e-3
83.4426, 5.8471e-3
83.4509, 5.8476e-3
83.4592, 5.8481e-3
83.4675, 5.3534e-3
83.4757, 5.3539e-3
83.484, 5.3544e-3
83.4923, 5.3549e-3
83.5006, 5.3554e-3
83.5089, 5.3559e-3
83.5171, 5.3564e-3
83.5253, 4.8617e-3
83.5337, 4.8622e-3
83.542, 4.8627e-3
83.5503, 4.8632e-3
83.5586, 4.8637e-3
83.5669, 4.8642e-3
83.5751, 4.8647e-3
83.5834, 4.8652e-3
83.5917, 4.3705e-3
83.6, 4.371e-3
83.6082, 4.3715e-3
83.6165, 4.372e-3
83.6248, 4.3725e-3
83.6331, 4.373e-3
83.6414, 4.3735e-3
83.6497, 4.3741e-3
83.658, 4.3746e-3
83.6663, 4.3751e-3
83.6745, 4.3756e-3
83.6827, 4.3761e-3
83.6911, 4.3766e-3
83.6994, 4.3771e-3
83.7077, 4.3776e-3
83.716, 4.3782e-3
83.7243, 4.3787e-3
83.7325, 4.3792e-3
83.7408, 4.3797e-3
83.749, 4.3802e-3
83.7574, 4.3807e-3
83.7657, 4.8765e-3
83.774, 4.877e-3
83.7823, 4.8776e-3
83.7906, 4.8781e-3
83.7988, 4.8786e-3
83.8071, 4.8791e-3
83.8154, 4.8796e-3
83.8237, 4.8801e-3
83.8319, 4.8806e-3
83.8403, 4.8811e-3
83.8485, 4.8817e-3
83.8568, 4.8822e-3
83.8651, 4.8827e-3
83.8734, 4.8832e-3
83.8817, 4.8837e-3
83.89, 4.8842e-3
83.8982, 4.8847e-3
83.9064, 4.8852e-3
83.9148, 4.3905e-3
83.9231, 4.391e-3
83.9314, 4.3915e-3
83.9397, 4.392e-3
83.948, 4.3925e-3
83.9562, 3.8977e-3
83.9645, 3.8982e-3
83.9727, 3.8988e-3
83.9811, 3.8993e-3
83.9893, 3.8998e-3
83.9976, 3.9003e-3
84.0059, 3.9008e-3
84.0142, 3.9013e-3
84.0225, 3.9018e-3
84.0308, 3.9024e-3
84.0391, 3.9029e-3
84.0474, 3.9034e-3
84.0556, 3.9039e-3
84.0639, 3.9044e-3
84.0722, 3.9049e-3
84.0805, 3.9054e-3
84.0888, 3.9059e-3
84.0971, 3.9065e-3
84.1053, 3.907e-3
84.1137, 4.4028e-3
84.1219, 4.4033e-3
