#DataThief /Users/salvesen/research/fcolspin/data/J1550/aCF_J1550.png Wednesday 20-Apr-2016 2:18:08 PM
1.2489, 3.2087e-4
1.2511, 3.2057e-4
1.2534, 3.2027e-4
1.2557, 3.1998e-4
1.258, 3.1968e-4
1.2603, 3.1938e-4
1.2626, 3.1909e-4
1.2649, 3.1879e-4
1.2673, 3.1849e-4
1.2696, 3.1819e-4
1.2719, 3.179e-4
1.2742, 3.176e-4
1.2766, 3.173e-4
1.2789, 3.1701e-4
1.2812, 3.1671e-4
1.2836, 3.1641e-4
1.2859, 3.1612e-4
1.2883, 3.1582e-4
1.2906, 3.1552e-4
1.293, 3.1522e-4
1.2953, 3.1493e-4
1.2977, 3.1463e-4
1.3001, 3.1433e-4
1.3025, 3.1404e-4
1.3049, 3.1374e-4
1.3073, 3.1344e-4
1.3096, 3.1315e-4
1.312, 3.1285e-4
1.3144, 3.1255e-4
1.3168, 3.1226e-4
1.3193, 3.1196e-4
1.3216, 3.1166e-4
1.3241, 3.1136e-4
1.3265, 3.1107e-4
1.3289, 3.1077e-4
1.3314, 3.1047e-4
1.3338, 3.1018e-4
1.3362, 3.0988e-4
1.3387, 3.0958e-4
1.3411, 3.0929e-4
1.3436, 3.0899e-4
1.346, 3.0869e-4
1.3485, 3.0839e-4
1.351, 3.081e-4
1.3534, 3.078e-4
1.3559, 3.075e-4
1.3584, 3.0721e-4
1.3609, 3.0691e-4
1.3634, 3.0661e-4
1.3659, 3.0632e-4
1.3684, 3.0602e-4
1.3709, 3.0572e-4
1.3734, 3.0542e-4
1.3759, 3.0513e-4
1.3784, 3.0483e-4
1.3809, 3.0453e-4
1.3835, 3.0424e-4
1.386, 3.0394e-4
1.3885, 3.0364e-4
1.3911, 3.0335e-4
1.3936, 3.0305e-4
1.3961, 3.0275e-4
1.3987, 3.0246e-4
1.4013, 3.0216e-4
1.4038, 3.0186e-4
1.4064, 3.0156e-4
1.409, 3.0127e-4
1.4116, 3.0097e-4
1.4141, 3.0067e-4
1.4167, 3.0038e-4
1.4193, 3.0008e-4
1.4219, 2.9978e-4
1.4245, 2.9949e-4
1.4271, 2.9919e-4
1.4297, 2.9889e-4
1.4324, 2.9859e-4
1.435, 2.983e-4
1.4376, 2.98e-4
1.4402, 2.977e-4
1.4429, 2.9741e-4
1.4455, 2.9711e-4
1.4481, 2.9681e-4
1.4508, 2.9652e-4
1.4535, 2.9622e-4
1.4561, 2.9592e-4
1.4588, 2.9563e-4
1.4614, 2.9533e-4
1.4641, 2.9503e-4
1.4668, 2.9473e-4
1.4695, 2.9444e-4
1.4722, 2.9414e-4
1.4748, 2.9384e-4
1.4776, 2.9355e-4
1.4803, 2.9325e-4
1.483, 2.9295e-4
1.4857, 2.9266e-4
1.4884, 2.9236e-4
1.491, 2.9206e-4
1.4939, 2.9176e-4
1.4966, 2.9147e-4
1.4993, 2.9117e-4
1.5021, 2.9087e-4
1.5048, 2.9058e-4
1.5076, 2.9028e-4
1.5103, 2.8998e-4
1.5131, 2.8969e-4
1.5159, 2.8939e-4
1.5186, 2.8909e-4
1.5213, 2.888e-4
1.5242, 2.885e-4
1.527, 2.882e-4
1.5298, 2.879e-4
1.5326, 2.8761e-4
1.5354, 2.8731e-4
1.5382, 2.8701e-4
1.541, 2.8672e-4
1.5438, 2.8642e-4
1.5466, 2.8612e-4
1.5495, 2.8583e-4
1.5523, 2.8553e-4
1.5551, 2.8523e-4
1.558, 2.8493e-4
1.5608, 2.8464e-4
1.5636, 2.8434e-4
1.5666, 2.8404e-4
1.5694, 2.8375e-4
1.5723, 2.8345e-4
1.5752, 2.8315e-4
1.5781, 2.8286e-4
1.5809, 2.8256e-4
1.5838, 2.8226e-4
1.5867, 2.8196e-4
1.5896, 2.8167e-4
1.5925, 2.8137e-4
1.5955, 2.8107e-4
1.5984, 2.8078e-4
1.6013, 2.8048e-4
1.6042, 2.8018e-4
1.6072, 2.7989e-4
1.6101, 2.7959e-4
1.6131, 2.7929e-4
1.616, 2.79e-4
1.619, 2.787e-4
1.6219, 2.784e-4
1.6249, 2.781e-4
1.6279, 2.7781e-4
1.6308, 2.7751e-4
1.6338, 2.7721e-4
1.6368, 2.7692e-4
1.6398, 2.7662e-4
1.6428, 2.7632e-4
1.6458, 2.7603e-4
1.6488, 2.7573e-4
1.6518, 2.7543e-4
1.6549, 2.7513e-4
1.6579, 2.7484e-4
1.6609, 2.7454e-4
1.664, 2.7424e-4
1.667, 2.7395e-4
1.6701, 2.7365e-4
1.6731, 2.7335e-4
1.6762, 2.7306e-4
1.6792, 2.7276e-4
1.6823, 2.7246e-4
1.6854, 2.7217e-4
1.6885, 2.7187e-4
1.6916, 2.7157e-4
1.6947, 2.7127e-4
1.6978, 2.7098e-4
1.7008, 2.7068e-4
1.704, 2.7038e-4
1.7071, 2.7009e-4
1.7102, 2.6979e-4
1.7133, 9.1093e-4
1.7165, 9.1063e-4
1.7196, 9.1034e-4
1.7227, 9.1004e-4
1.7259, 9.0974e-4
1.729, 9.0944e-4
1.7322, 9.0915e-4
1.7322, 1.5506e-3
1.7354, 1.5503e-3
1.7386, 1.55e-3
1.7418, 1.5497e-3
1.745, 1.5494e-3
1.7481, 1.5491e-3
1.7513, 1.5488e-3
1.7545, 1.5485e-3
1.7578, 1.5482e-3
1.761, 1.5479e-3
1.7642, 1.5476e-3
1.7673, 1.5473e-3
1.7707, 1.547e-3
1.7739, 2.1882e-3
1.7771, 2.1879e-3
1.7804, 2.1876e-3
1.7835, 2.1873e-3
1.7869, 2.187e-3
1.7902, 2.1867e-3
1.7934, 2.8278e-3
1.7967, 2.8275e-3
1.8, 2.8272e-3
1.8033, 2.8269e-3
1.8066, 2.8266e-3
1.8098, 2.8263e-3
1.8132, 2.826e-3
1.8166, 2.8257e-3
1.8199, 2.8254e-3
1.8232, 2.8251e-3
1.8265, 2.8248e-3
1.8298, 2.8245e-3
1.8332, 2.8243e-3
1.8366, 2.824e-3
1.8399, 2.8237e-3
1.8433, 2.8234e-3
1.8467, 2.8231e-3
1.85, 2.8228e-3
1.8534, 2.8225e-3
1.8568, 2.8222e-3
1.8601, 2.8219e-3
1.8636, 2.8216e-3
1.867, 2.8213e-3
1.8705, 3.4624e-3
1.8739, 3.4621e-3
1.8773, 3.4618e-3
1.8807, 3.4615e-3
1.8841, 3.4612e-3
1.8876, 3.4609e-3
1.8911, 3.4606e-3
1.8944, 3.4603e-3
1.898, 4.1015e-3
1.9015, 4.1012e-3
1.905, 4.1009e-3
1.9085, 4.1006e-3
1.9119, 4.1003e-3
1.9154, 4.1e-3
1.9189, 4.0997e-3
1.9224, 4.0994e-3
1.926, 4.0991e-3
1.9295, 4.0988e-3
1.933, 4.0985e-3
1.9365, 4.0982e-3
1.9401, 4.0979e-3
1.9437, 4.0976e-3
1.9472, 4.0973e-3
1.9508, 4.097e-3
1.9543, 4.0967e-3
1.9579, 4.0964e-3
1.9615, 4.7376e-3
1.9651, 4.7373e-3
1.9687, 4.737e-3
1.9723, 4.7367e-3
1.9759, 5.3778e-3
1.9795, 5.3775e-3
1.983, 5.3772e-3
1.9868, 5.3769e-3
1.9904, 5.3766e-3
1.994, 5.3763e-3
1.9977, 5.376e-3
2.0013, 5.3757e-3
2.005, 5.3754e-3
2.0087, 5.3752e-3
2.0123, 5.3749e-3
2.016, 5.3746e-3
2.0197, 5.3743e-3
2.0234, 5.374e-3
2.0271, 5.3737e-3
2.0308, 5.3734e-3
2.0345, 5.3731e-3
2.0383, 5.3728e-3
2.042, 5.3725e-3
2.0457, 6.0136e-3
2.0495, 6.0133e-3
2.0532, 6.013e-3
2.057, 6.0127e-3
2.0607, 6.0124e-3
2.0645, 6.0121e-3
2.0683, 6.0118e-3
2.0721, 6.0115e-3
2.0759, 6.0112e-3
2.0796, 6.6524e-3
2.0835, 6.6521e-3
2.0873, 6.6518e-3
2.0911, 6.6515e-3
2.0949, 6.6512e-3
2.0987, 6.6509e-3
2.1026, 6.6506e-3
2.1064, 6.6503e-3
2.1103, 7.2914e-3
2.1141, 7.2911e-3
2.1179, 7.2909e-3
2.1219, 7.2906e-3
2.1258, 7.2903e-3
2.1297, 7.29e-3
2.1336, 7.2897e-3
2.1375, 7.2894e-3
2.1414, 7.9305e-3
2.1453, 7.9302e-3
2.1492, 7.9299e-3
2.1531, 7.9296e-3
2.1571, 7.9293e-3
2.161, 7.929e-3
2.165, 8.5702e-3
2.1689, 8.5699e-3
2.1729, 8.5696e-3
2.1769, 8.5693e-3
2.1809, 9.2104e-3
2.1849, 9.2101e-3
2.1889, 9.2098e-3
2.1929, 9.2095e-3
2.1969, 9.2092e-3
2.2009, 9.8504e-3
2.2049, 9.8501e-3
2.209, 9.8498e-3
2.213, 9.8495e-3
2.217, 9.8492e-3
2.2211, 0.0105
2.2252, 0.0105
2.2292, 0.0105
2.2333, 0.0105
2.2374, 0.0105
2.2415, 0.0111
2.2456, 0.0111
2.2497, 0.0111
2.2538, 0.0111
2.2579, 0.0111
2.2621, 0.0111
2.2662, 0.0118
2.2704, 0.0118
2.2745, 0.0118
2.2787, 0.0118
2.2828, 0.0118
2.287, 0.0124
2.2912, 0.0124
2.2953, 0.0124
2.2995, 0.0124
2.3038, 0.0131
2.308, 0.013
2.3122, 0.013
2.3165, 0.013
2.3207, 0.0137
2.325, 0.0137
2.3292, 0.0137
2.3335, 0.0137
2.3377, 0.0143
2.342, 0.0143
2.3463, 0.0143
2.3506, 0.015
2.3549, 0.015
2.3592, 0.0156
2.3635, 0.0156
2.3678, 0.0156
2.3721, 0.0163
2.3765, 0.0163
2.3809, 0.0169
2.3852, 0.0169
2.3896, 0.0169
2.394, 0.0175
2.3982, 0.0175
2.4027, 0.0175
2.4071, 0.0182
2.4115, 0.0182
2.4159, 0.0182
2.4203, 0.0188
2.4248, 0.0188
2.4292, 0.0188
2.4337, 0.0195
2.4381, 0.0195
2.4426, 0.0195
2.447, 0.0195
2.4515, 0.0201
2.456, 0.0201
2.4605, 0.0201
2.465, 0.0201
2.4695, 0.0207
2.474, 0.0207
2.4786, 0.0207
2.483, 0.0207
2.4876, 0.0214
2.4922, 0.0214
2.4967, 0.0214
2.5013, 0.0214
2.5059, 0.022
2.5105, 0.022
2.5151, 0.0227
2.5197, 0.0227
2.5243, 0.0227
2.5289, 0.0233
2.5335, 0.0233
2.5382, 0.0233
2.5428, 0.0239
2.5474, 0.0239
2.5521, 0.0246
2.5568, 0.0246
2.5615, 0.0252
2.5661, 0.0252
2.5708, 0.0259
2.5755, 0.0265
2.5803, 0.0265
2.585, 0.0271
2.5897, 0.0271
2.5944, 0.0278
2.5992, 0.0284
2.6038, 0.0284
2.6087, 0.0291
2.6135, 0.0297
2.6183, 0.0297
2.6231, 0.0303
2.6278, 0.0303
2.6327, 0.031
2.6375, 0.0316
2.6423, 0.0316
2.6471, 0.0323
2.652, 0.0323
2.6568, 0.0323
2.6617, 0.0329
2.6665, 0.0329
2.6714, 0.0329
2.6763, 0.0336
2.6812, 0.0336
2.6861, 0.0336
2.6909, 0.0342
2.696, 0.0342
2.7008, 0.0342
2.7058, 0.0342
2.7107, 0.0348
2.7157, 0.0348
2.7207, 0.0348
2.7257, 0.0348
2.7307, 0.0348
2.7357, 0.0355
2.7407, 0.0355
2.7457, 0.0355
2.7507, 0.0361
2.7558, 0.0361
2.7608, 0.0361
2.7658, 0.0368
2.7709, 0.0368
2.776, 0.0374
2.7811, 0.0374
2.7861, 0.038
2.7912, 0.038
2.7963, 0.0387
2.8014, 0.0387
2.8066, 0.0393
2.8117, 0.0393
2.8169, 0.04
2.822, 0.0406
2.8272, 0.0412
2.8324, 0.0412
2.8375, 0.0419
2.8427, 0.0425
2.8479, 0.0432
2.8531, 0.0432
2.8584, 0.0438
2.8636, 0.0444
2.8688, 0.0451
2.874, 0.0457
2.8793, 0.0464
2.8846, 0.047
2.8899, 0.047
2.8952, 0.0477
2.9005, 0.0483
2.9058, 0.0489
2.9111, 0.0496
2.9163, 0.0496
2.9217, 0.0502
2.9271, 0.0502
2.9324, 0.0509
2.9378, 0.0509
2.9432, 0.0515
2.9485, 0.0515
2.954, 0.0515
2.9594, 0.0521
2.9647, 0.0521
2.9702, 0.0521
2.9756, 0.0521
2.9811, 0.0521
2.9865, 0.0521
2.992, 0.0521
2.9975, 0.0521
3.003, 0.0521
3.0085, 0.0521
3.014, 0.0521
3.0195, 0.0528
3.025, 0.0528
3.0305, 0.0528
3.0361, 0.0528
3.0416, 0.0528
3.0472, 0.0528
3.0528, 0.0534
3.0584, 0.0534
3.064, 0.0534
3.0695, 0.0541
3.0752, 0.0541
3.0808, 0.0547
3.0864, 0.0547
3.0921, 0.0553
3.0977, 0.0553
3.1034, 0.056
3.1091, 0.0566
3.1148, 0.0573
3.1205, 0.0573
3.1262, 0.0579
3.1319, 0.0585
3.1376, 0.0592
3.1434, 0.0598
3.1491, 0.0605
3.1549, 0.0611
3.1607, 0.0617
3.1663, 0.0624
3.1722, 0.063
3.178, 0.0637
3.1838, 0.0643
3.1897, 0.065
3.1955, 0.0656
3.1955, 0.0662
3.1955, 0.0669
3.1955, 0.0675
3.2014, 0.0682
3.2072, 0.0688
3.2072, 0.0694
3.2131, 0.0701
3.219, 0.0707
3.2248, 0.0714
3.2307, 0.072
3.2307, 0.0726
3.2367, 0.0733
3.2426, 0.0739
3.2485, 0.0746
3.2545, 0.0752
3.2604, 0.0752
3.2664, 0.0759
3.2723, 0.0765
3.2783, 0.0771
3.2843, 0.0771
3.2903, 0.0771
3.2964, 0.0771
3.3024, 0.0771
3.3084, 0.0771
3.3145, 0.0778
3.3206, 0.0778
3.3266, 0.0778
3.3327, 0.0784
3.3388, 0.0784
3.3449, 0.0791
3.351, 0.0791
3.351, 0.0796
3.351, 0.0803
3.3572, 0.0803
3.3633, 0.081
3.3695, 0.081
3.3756, 0.0816
3.3818, 0.0816
3.3818, 0.0823
3.388, 0.0829
3.3942, 0.0829
3.4003, 0.0835
3.4066, 0.0842
3.4129, 0.0842
3.4191, 0.0842
3.4254, 0.0848
3.4316, 0.0855
3.4379, 0.0861
3.4379, 0.0868
3.4442, 0.0874
3.4505, 0.088
3.4567, 0.0887
3.4567, 0.0893
3.4567, 0.09
3.4567, 0.0906
3.4567, 0.0912
3.4631, 0.0919
3.4695, 0.0925
3.4695, 0.0932
3.4758, 0.0937
3.4758, 0.0944
3.4822, 0.0951
3.4885, 0.0957
3.4885, 0.0964
3.4949, 0.097
3.4949, 0.0977
3.5013, 0.0983
3.5013, 0.0989
3.5077, 0.0996
3.5077, 0.1002
3.5141, 0.1009
3.5141, 0.1015
3.5141, 0.1021
3.5206, 0.1028
3.5206, 0.1034
3.527, 0.1041
3.527, 0.1047
3.5335, 0.1053
3.5335, 0.106
3.5399, 0.1066
3.5399, 0.1073
3.5399, 0.1078
3.5464, 0.1086
3.5464, 0.1092
3.5464, 0.1098
3.5529, 0.1105
3.5529, 0.1111
3.5594, 0.1118
3.5594, 0.1124
3.5594, 0.113
3.5659, 0.1137
3.5659, 0.1143
3.5659, 0.115
3.5724, 0.1156
3.5724, 0.1163
3.5724, 0.1169
3.579, 0.1175
3.579, 0.1182
3.579, 0.1188
3.5855, 0.1195
3.5855, 0.1201
3.5855, 0.1207
3.592, 0.1214
3.592, 0.1219
3.592, 0.1227
3.5986, 0.1233
3.5986, 0.1239
3.5986, 0.1246
3.5986, 0.1252
3.6052, 0.1259
3.6052, 0.1265
3.6052, 0.1272
3.6118, 0.1278
3.6118, 0.1284
3.6118, 0.1291
3.6183, 0.1297
3.6183, 0.1304
3.6183, 0.131
3.6183, 0.1316
3.625, 0.1323
3.625, 0.1329
3.625, 0.1336
3.6317, 0.1342
3.6317, 0.1348
3.6317, 0.1355
3.6383, 0.136
3.6383, 0.1368
3.6383, 0.1374
3.6383, 0.1381
3.645, 0.1387
3.645, 0.1393
3.645, 0.14
3.6517, 0.1406
3.6517, 0.1413
3.6517, 0.1419
3.6583, 0.1425
3.6583, 0.1432
3.6583, 0.1438
3.665, 0.1445
3.665, 0.1451
3.665, 0.1458
3.6717, 0.1464
3.6717, 0.147
3.6784, 0.1477
3.6784, 0.1482
3.6784, 0.149
3.6852, 0.1496
3.6852, 0.1502
3.6919, 0.1509
3.6919, 0.1515
3.6919, 0.1522
3.6987, 0.1528
3.6987, 0.1534
3.7054, 0.1541
3.7054, 0.1547
3.7122, 0.1554
3.7122, 0.156
3.7189, 0.1567
3.7189, 0.1573
3.7258, 0.1579
3.7326, 0.1586
3.7326, 0.1592
3.7395, 0.1599
3.7395, 0.1605
3.7463, 0.1611
3.7463, 0.1618
3.7532, 0.1623
3.7532, 0.1631
3.76, 0.1637
3.76, 0.1643
3.7669, 0.165
3.7669, 0.1656
3.7738, 0.1663
3.7738, 0.1669
3.7807, 0.1676
3.7807, 0.1682
3.7875, 0.1688
3.7875, 0.1695
3.7945, 0.1701
3.7945, 0.1708
3.8014, 0.1714
3.8014, 0.172
3.8084, 0.1727
3.8084, 0.1733
3.8084, 0.174
3.8154, 0.1746
3.8154, 0.1753
3.8154, 0.1759
3.8224, 0.1764
3.8224, 0.1772
3.8294, 0.1778
3.8294, 0.1785
3.8294, 0.1791
3.8364, 0.1797
3.8364, 0.1804
3.8364, 0.181
3.8434, 0.1817
3.8434, 0.1823
3.8434, 0.1829
3.8504, 0.1836
3.8504, 0.1842
3.8504, 0.1849
3.8575, 0.1855
3.8575, 0.1862
3.8575, 0.1868
3.8575, 0.1874
3.8645, 0.1881
3.8645, 0.1887
3.8645, 0.1894
3.8716, 0.19
3.8716, 0.1905
3.8716, 0.1913
3.8716, 0.1919
3.8787, 0.1926
3.8787, 0.1932
3.8787, 0.1939
3.8858, 0.1945
3.8858, 0.1951
3.8858, 0.1958
3.8858, 0.1964
3.8929, 0.1971
3.8929, 0.1977
3.8929, 0.1983
3.8929, 0.199
3.9, 0.1996
3.9, 0.2003
3.9, 0.2009
3.9, 0.2015
3.9072, 0.2022
3.9072, 0.2028
3.9072, 0.2035
3.9072, 0.2041
3.9072, 0.2048
3.9143, 0.2054
3.9143, 0.206
3.9143, 0.2067
3.9143, 0.2073
3.9215, 0.208
3.9215, 0.2086
3.9215, 0.2092
3.9215, 0.2099
3.9215, 0.2105
3.9285, 0.2112
3.9285, 0.2118
3.9285, 0.2125
3.9285, 0.2131
3.9285, 0.2137
3.9358, 0.2144
3.9358, 0.215
3.9358, 0.2157
3.9358, 0.2163
3.943, 0.2169
3.943, 0.2176
3.943, 0.2182
3.943, 0.2189
3.943, 0.2195
3.9502, 0.2201
3.9502, 0.2208
3.9502, 0.2214
3.9502, 0.2221
3.9502, 0.2227
3.9502, 0.2234
3.9575, 0.224
3.9575, 0.2246
3.9575, 0.2253
3.9575, 0.2259
3.9575, 0.2266
3.9647, 0.2272
3.9647, 0.2278
3.9647, 0.2285
3.9647, 0.2291
3.9647, 0.2298
3.9647, 0.2304
3.972, 0.2311
3.972, 0.2317
3.972, 0.2323
3.972, 0.233
3.972, 0.2336
3.9792, 0.2343
3.9792, 0.2349
3.9792, 0.2355
3.9792, 0.2362
3.9865, 0.2368
3.9865, 0.2375
3.9865, 0.2381
3.9865, 0.2387
3.9865, 0.2394
3.9865, 0.24
3.9865, 0.2407
3.9938, 0.2413
3.9938, 0.242
3.9938, 0.2426
3.9938, 0.2432
3.9938, 0.2439
3.9938, 0.2445
4.0011, 0.2452
4.0011, 0.2458
4.0011, 0.2464
4.0011, 0.2471
4.0011, 0.2477
4.0084, 0.2484
4.0084, 0.249
4.0084, 0.2497
4.0084, 0.2503
4.0084, 0.2509
4.0084, 0.2516
4.0158, 0.2522
4.0158, 0.2529
4.0158, 0.2535
4.0158, 0.2541
4.0158, 0.2548
4.0231, 0.2554
4.0231, 0.2561
4.0231, 0.2567
4.0305, 0.2572
4.0305, 0.258
4.0305, 0.2586
4.0305, 0.2593
4.0378, 0.2599
4.0378, 0.2606
4.0378, 0.2612
4.0378, 0.2618
4.0452, 0.2625
4.0452, 0.2631
4.0452, 0.2638
4.0452, 0.2644
4.0452, 0.265
4.0452, 0.2657
4.0452, 0.2663
4.0452, 0.267
4.0452, 0.2676
4.0526, 0.2683
4.0526, 0.2689
4.06, 0.2695
4.06, 0.2702
4.0675, 0.2708
4.0675, 0.2715
4.0675, 0.2721
4.0675, 0.2727
4.0749, 0.2734
4.0749, 0.274
4.0749, 0.2747
4.0749, 0.2753
4.0749, 0.2759
4.0824, 0.2766
4.0824, 0.2772
4.0824, 0.2779
4.0898, 0.2785
4.0898, 0.2792
4.0973, 0.2798
4.0973, 0.2804
4.1048, 0.2811
4.1123, 0.2817
4.1123, 0.2824
4.1199, 0.283
4.1274, 0.2836
4.1349, 0.2843
4.1425, 0.2849
4.1501, 0.2856
4.1577, 0.2862
4.1577, 0.2868
4.1653, 0.2875
4.1653, 0.2881
4.1729, 0.2888
4.1729, 0.2894
4.1804, 0.2901
4.1804, 0.2907
4.1882, 0.2913
4.1882, 0.292
4.1882, 0.2926
4.1959, 0.2933
4.1959, 0.2939
4.1959, 0.2945
4.2035, 0.2952
4.2035, 0.2958
4.2035, 0.2965
4.2112, 0.2971
4.2112, 0.2978
4.2112, 0.2984
4.2189, 0.299
4.2189, 0.2997
4.2189, 0.3003
4.2189, 0.301
4.2189, 0.3016
4.2266, 0.3022
4.2266, 0.3029
4.2266, 0.3035
4.2266, 0.3042
4.2344, 0.3048
4.2344, 0.3054
4.2344, 0.3061
4.2344, 0.3067
4.2421, 0.3074
4.2421, 0.308
4.2421, 0.3087
4.2421, 0.3093
4.2421, 0.3099
4.2421, 0.3106
4.2499, 0.3112
4.2499, 0.3119
4.2499, 0.3125
4.2499, 0.3131
4.2499, 0.3138
4.2577, 0.3144
4.2577, 0.3151
4.2577, 0.3157
4.2577, 0.3163
4.2577, 0.317
4.2654, 0.3176
4.2654, 0.3183
4.2654, 0.3189
4.2654, 0.3195
4.2654, 0.3202
4.2654, 0.3208
4.2732, 0.3215
4.2732, 0.3221
4.2732, 0.3228
4.2732, 0.3234
4.2732, 0.324
4.2811, 0.3247
4.2811, 0.3253
4.2811, 0.326
4.2811, 0.3266
4.2811, 0.3273
4.2811, 0.3279
4.2889, 0.3285
4.2889, 0.3292
4.2889, 0.3298
4.2889, 0.3305
4.2889, 0.3311
4.2889, 0.3317
4.2889, 0.3324
4.2967, 0.333
4.2967, 0.3336
4.2967, 0.3343
4.2967, 0.335
4.2967, 0.3356
4.2967, 0.3362
4.2967, 0.3369
4.2967, 0.3375
4.3046, 0.3382
4.3046, 0.3388
4.3046, 0.3394
4.3046, 0.3401
4.3046, 0.3407
4.3046, 0.3414
4.3046, 0.342
4.3125, 0.3426
4.3125, 0.3433
4.3125, 0.3439
4.3125, 0.3446
4.3125, 0.3452
4.3125, 0.3458
4.3125, 0.3465
4.3204, 0.3471
4.3204, 0.3477
4.3204, 0.3484
4.3204, 0.3491
4.3204, 0.3497
4.3204, 0.3503
4.3283, 0.351
4.3283, 0.3516
4.3283, 0.3523
4.3283, 0.3529
4.3283, 0.3536
4.3283, 0.3542
4.3283, 0.3548
4.3283, 0.3555
4.3283, 0.3561
4.3362, 0.3568
4.3362, 0.3574
4.3362, 0.358
4.3362, 0.3587
4.3362, 0.3593
4.3362, 0.3599
4.3441, 0.3606
4.3441, 0.3612
4.3441, 0.3618
4.3441, 0.3625
4.3441, 0.3632
4.3441, 0.3638
4.3441, 0.3645
4.3521, 0.3651
4.3521, 0.3657
4.3521, 0.3664
4.3521, 0.367
4.3521, 0.3677
4.3521, 0.3683
4.3521, 0.3689
4.3521, 0.3696
4.3521, 0.3702
4.3599, 0.3709
4.3599, 0.3715
4.3599, 0.3721
4.3599, 0.3728
4.3599, 0.3734
4.3599, 0.374
4.3679, 0.3747
4.3679, 0.3754
4.3679, 0.376
4.3679, 0.3766
4.3679, 0.3773
4.3679, 0.3779
4.3679, 0.3786
4.376, 0.3792
4.376, 0.3798
4.376, 0.3805
4.376, 0.3811
4.376, 0.3818
4.376, 0.3824
4.376, 0.3831
4.384, 0.3837
4.384, 0.3843
4.384, 0.385
4.384, 0.3856
4.384, 0.3862
4.384, 0.3869
4.384, 0.3875
4.392, 0.3881
4.392, 0.3888
4.392, 0.3895
4.392, 0.3901
4.392, 0.3908
4.392, 0.3914
4.392, 0.392
4.392, 0.3927
4.4001, 0.3933
4.4001, 0.394
4.4001, 0.3946
4.4001, 0.3952
4.4001, 0.3959
4.4001, 0.3965
4.4081, 0.3972
4.4081, 0.3978
4.4081, 0.3984
4.4081, 0.3991
4.4081, 0.3997
4.4081, 0.4003
4.4162, 0.401
4.4162, 0.4017
4.4162, 0.4022
4.4162, 0.4029
4.4243, 0.4036
4.4243, 0.4042
4.4243, 0.4049
4.4243, 0.4055
4.4243, 0.4061
4.4324, 0.4068
4.4324, 0.4074
4.4324, 0.4081
4.4324, 0.4087
4.4405, 0.4094
4.4405, 0.41
4.4405, 0.4106
4.4485, 0.4113
4.4485, 0.4119
4.4485, 0.4126
4.4567, 0.4132
4.4567, 0.4138
4.4567, 0.4144
4.4649, 0.4151
4.4649, 0.4158
4.4731, 0.4163
4.4812, 0.417
4.4894, 0.4177
4.4976, 0.4177
4.5059, 0.4177
4.5141, 0.4177
4.5224, 0.4177
4.5307, 0.4177
4.5389, 0.4177
4.5472, 0.4177
4.5556, 0.417
4.5638, 0.417
4.5722, 0.417
4.5806, 0.417
4.589, 0.4177
4.5974, 0.4183
4.6058, 0.419
4.6058, 0.4196
4.6141, 0.4202
4.6141, 0.4209
4.6227, 0.4215
4.6227, 0.4222
4.6227, 0.4228
4.6311, 0.4235
4.6311, 0.4241
4.6311, 0.4247
4.6311, 0.4254
4.6311, 0.426
4.6311, 0.4267
4.6311, 0.4273
4.6311, 0.4279
4.6396, 0.4285
4.6396, 0.4292
4.6396, 0.4299
4.6396, 0.4304
4.6481, 0.4312
4.6481, 0.4318
4.6481, 0.4324
4.6481, 0.4331
4.6481, 0.4337
4.6566, 0.4344
4.6566, 0.435
4.6566, 0.4356
4.6566, 0.4363
4.6566, 0.4369
4.6651, 0.4376
4.6651, 0.4382
4.6651, 0.4388
4.6651, 0.4395
4.6651, 0.4401
4.6736, 0.4408
4.6736, 0.4414
4.6736, 0.4421
4.6736, 0.4426
4.6736, 0.4433
4.6736, 0.444
4.6822, 0.4445
4.6822, 0.4453
4.6822, 0.4459
4.6822, 0.4465
4.6822, 0.4472
4.6907, 0.4478
4.6907, 0.4485
4.6907, 0.4491
4.6907, 0.4498
4.6907, 0.4504
4.6993, 0.451
4.6993, 0.4517
4.6993, 0.4523
4.6993, 0.453
4.6993, 0.4536
4.6993, 0.4542
4.6993, 0.4549
4.7079, 0.4555
4.7079, 0.4562
4.7079, 0.4567
4.7079, 0.4574
4.7079, 0.4581
4.7079, 0.4586
4.7166, 0.4594
4.7166, 0.46
4.7166, 0.4607
4.7166, 0.4613
4.7166, 0.4619
4.7166, 0.4626
4.7252, 0.4632
4.7252, 0.4639
4.7252, 0.4645
4.7252, 0.4651
4.7338, 0.4658
4.7338, 0.4664
4.7338, 0.4671
4.7338, 0.4677
4.7338, 0.4684
4.7338, 0.4689
4.7338, 0.4696
4.7425, 0.4703
4.7425, 0.4708
4.7425, 0.4716
4.7425, 0.4722
4.7425, 0.4727
4.7511, 0.4735
4.7511, 0.4741
4.7511, 0.4748
4.7511, 0.4754
4.7599, 0.476
4.7599, 0.4767
4.7599, 0.4773
4.7599, 0.478
4.7686, 0.4786
4.7686, 0.4793
4.7686, 0.4799
4.7772, 0.4805
4.7772, 0.4812
4.786, 0.4818
4.786, 0.4825
4.786, 0.483
4.7948, 0.4837
4.7948, 0.4844
4.8035, 0.4849
4.8035, 0.4857
4.8123, 0.4857
4.8212, 0.4857
4.83, 0.4849
4.8388, 0.4849
4.8477, 0.4849
4.8565, 0.4844
4.8565, 0.4837
4.8565, 0.483
4.8654, 0.4825
4.8654, 0.4818
4.8654, 0.4812
4.8742, 0.4812
4.8832, 0.4812
4.8921, 0.4805
4.8921, 0.4799
4.9011, 0.4793
4.9011, 0.4786
4.9011, 0.478
4.9011, 0.4773
4.9101, 0.4767
4.9101, 0.476
4.9101, 0.4754
4.9101, 0.4748
4.9191, 0.4741
4.9191, 0.4735
4.9191, 0.4727
4.9191, 0.4722
4.9281, 0.4716
4.9281, 0.4708
4.9281, 0.4703
4.9371, 0.4696
4.9371, 0.4689
4.9371, 0.4683
4.9461, 0.4677
4.9552, 0.4671
4.9552, 0.4664
4.9552, 0.4658
4.9552, 0.4651
4.9642, 0.4645
4.9733, 0.4639
4.9733, 0.4632
4.9733, 0.4626
4.9733, 0.4619
4.9824, 0.4613
4.9824, 0.4606
4.9915, 0.46
5.0007, 0.46
5.0007, 0.4594
5.0098, 0.4594
5.019, 0.4586
5.0282, 0.4581
5.0374, 0.4581
5.0374, 0.4574
5.0466, 0.4574
5.0558, 0.4574
5.0651, 0.4574
5.0743, 0.4581
5.0836, 0.4581
5.0929, 0.4586
5.1022, 0.4586
5.1116, 0.4594
5.1209, 0.4594
5.1303, 0.4594
5.1397, 0.4594
5.1491, 0.4594
5.1585, 0.4586
5.1679, 0.4581
5.1679, 0.4574
5.1774, 0.4567
5.1774, 0.4562
5.1869, 0.4562
5.1869, 0.4555
5.1869, 0.4549
5.1963, 0.4549
5.1963, 0.4542
5.1963, 0.4536
5.2058, 0.4529
5.2058, 0.4523
5.2058, 0.4517
5.2058, 0.451
5.2058, 0.4504
5.2058, 0.4497
5.2058, 0.4491
5.2154, 0.4485
5.2154, 0.4478
5.2154, 0.4472
5.2248, 0.4465
5.2248, 0.4459
5.2345, 0.4459
5.2345, 0.4452
5.2345, 0.4445
5.2345, 0.444
5.2345, 0.4433
5.244, 0.4426
5.244, 0.442
5.244, 0.4414
5.244, 0.4408
5.2536, 0.4401
5.2536, 0.4395
5.2536, 0.4388
5.2536, 0.4382
5.2633, 0.4375
5.2633, 0.4369
5.2633, 0.4363
5.2633, 0.4356
5.2729, 0.435
5.2729, 0.4343
5.2729, 0.4337
5.2729, 0.4331
5.2729, 0.4324
5.2825, 0.4318
5.2825, 0.4311
5.2825, 0.4304
5.2825, 0.4298
5.2825, 0.4292
5.2922, 0.4285
5.2922, 0.4279
5.2922, 0.4273
5.2922, 0.4266
5.2922, 0.426
5.2922, 0.4254
5.3019, 0.4247
5.3019, 0.4241
5.3019, 0.4234
5.3115, 0.4228
5.3115, 0.4222
5.3115, 0.4215
5.3115, 0.4209
5.3115, 0.4202
5.3213, 0.4196
5.3213, 0.4189
5.3213, 0.4183
5.3213, 0.4177
5.3213, 0.417
5.3213, 0.4163
5.331, 0.4157
5.331, 0.4151
5.331, 0.4144
5.331, 0.4138
5.331, 0.4132
5.3408, 0.4125
5.3408, 0.4119
5.3408, 0.4112
5.3408, 0.4106
5.3408, 0.41
5.3506, 0.4093
5.3506, 0.4087
5.3506, 0.408
5.3506, 0.4074
5.3506, 0.4068
5.3603, 0.4061
5.3603, 0.4055
5.3603, 0.4048
5.3603, 0.4042
5.3603, 0.4035
5.3702, 0.4029
5.3702, 0.4022
5.3702, 0.4016
5.3702, 0.401
5.3702, 0.4003
5.38, 0.3997
5.38, 0.3991
5.38, 0.3984
5.38, 0.3978
5.38, 0.3971
5.3898, 0.3965
5.3898, 0.3958
5.3898, 0.3952
5.3898, 0.3946
5.3898, 0.3939
5.3997, 0.3933
5.3997, 0.3926
5.3997, 0.392
5.3997, 0.3914
5.3997, 0.3907
5.3997, 0.3901
5.3997, 0.3894
5.4096, 0.3888
5.4096, 0.3881
5.4096, 0.3875
5.4195, 0.3869
5.4195, 0.3862
5.4195, 0.3856
5.4195, 0.3849
5.4195, 0.3843
5.4294, 0.3837
5.4294, 0.383
5.4294, 0.3824
5.4294, 0.3817
5.4294, 0.3811
5.4393, 0.3805
5.4393, 0.3798
5.4393, 0.3792
5.4393, 0.3785
5.4393, 0.3779
5.4493, 0.3772
5.4493, 0.3766
5.4493, 0.376
5.4493, 0.3753
5.4592, 0.3747
5.4592, 0.374
5.4592, 0.3734
5.4592, 0.3728
5.4592, 0.3721
5.4692, 0.3715
5.4692, 0.3708
5.4692, 0.3702
5.4692, 0.3695
5.4692, 0.3689
5.4792, 0.3683
5.4792, 0.3676
5.4792, 0.367
5.4792, 0.3663
5.4892, 0.3657
5.4892, 0.3651
5.4892, 0.3644
5.4892, 0.3638
5.4892, 0.3631
5.4993, 0.3625
5.4993, 0.3618
5.4993, 0.3612
5.4993, 0.3606
5.4993, 0.3599
5.5093, 0.3593
5.5093, 0.3586
5.5093, 0.358
5.5093, 0.3574
5.5093, 0.3567
5.5194, 0.3561
5.5194, 0.3554
5.5194, 0.3548
5.5194, 0.3542
5.5194, 0.3535
5.5295, 0.3529
5.5295, 0.3522
5.5295, 0.3516
5.5295, 0.3509
5.5295, 0.3503
5.5396, 0.3497
5.5396, 0.349
5.5396, 0.3484
5.5396, 0.3477
5.5396, 0.3471
5.5497, 0.3465
5.5497, 0.3458
5.5497, 0.3452
5.5497, 0.3445
5.5497, 0.3439
5.5598, 0.3432
5.5598, 0.3426
5.5598, 0.342
5.5598, 0.3413
5.5598, 0.3407
5.5701, 0.34
5.5701, 0.3394
5.5701, 0.3388
5.5701, 0.3381
5.5701, 0.3375
5.5701, 0.3368
5.5803, 0.3362
5.5803, 0.3355
5.5803, 0.3349
5.5803, 0.3343
5.5803, 0.3336
5.5803, 0.333
5.5905, 0.3323
5.5905, 0.3317
5.5905, 0.3311
5.5905, 0.3304
5.5905, 0.3298
5.6007, 0.3291
5.6007, 0.3285
5.6007, 0.3279
5.6007, 0.3272
5.6007, 0.3266
5.6007, 0.3259
5.611, 0.3253
5.611, 0.3246
5.611, 0.324
5.611, 0.3234
5.611, 0.3227
5.611, 0.3221
5.6212, 0.3214
5.6212, 0.3208
5.6212, 0.3202
5.6212, 0.3195
5.6212, 0.3189
5.6212, 0.3182
5.6315, 0.3176
5.6315, 0.3169
5.6315, 0.3163
5.6315, 0.3157
5.6315, 0.315
5.6315, 0.3144
5.6315, 0.3136
5.6418, 0.3131
5.6418, 0.3125
5.6418, 0.3118
5.6418, 0.3112
5.6418, 0.3105
5.6418, 0.3099
5.6522, 0.3092
5.6522, 0.3086
5.6522, 0.308
5.6522, 0.3073
5.6522, 0.3067
5.6522, 0.306
5.6625, 0.3054
5.6625, 0.3048
5.6625, 0.3041
5.6625, 0.3035
5.6625, 0.3028
5.6625, 0.3022
5.6729, 0.3016
5.6729, 0.3009
5.6729, 0.3003
5.6729, 0.2995
5.6729, 0.299
5.6729, 0.2983
5.6729, 0.2977
5.6832, 0.2971
5.6832, 0.2964
5.6832, 0.2958
5.6832, 0.2951
5.6832, 0.2945
5.6832, 0.2939
5.6936, 0.2932
5.6936, 0.2926
5.6936, 0.2919
5.6936, 0.2913
5.6936, 0.2906
5.6936, 0.29
5.6936, 0.2894
5.704, 0.2887
5.704, 0.2881
5.704, 0.2873
5.704, 0.2868
5.704, 0.2862
5.704, 0.2854
5.7145, 0.2849
5.7145, 0.2842
5.7145, 0.2836
5.7145, 0.2829
5.7145, 0.2823
5.7145, 0.2817
5.7248, 0.281
5.7248, 0.2804
5.7248, 0.2797
5.7248, 0.2791
5.7248, 0.2785
5.7248, 0.2778
5.7354, 0.2772
5.7354, 0.2765
5.7354, 0.2759
5.7354, 0.2752
5.7354, 0.2746
5.7354, 0.274
5.7459, 0.2732
5.7459, 0.2727
5.7459, 0.272
5.7459, 0.2713
5.7459, 0.2708
5.7564, 0.2701
5.7564, 0.2695
5.7564, 0.2688
5.7564, 0.2682
5.7564, 0.2676
5.7564, 0.2669
5.7669, 0.2663
5.7669, 0.2656
5.7669, 0.265
5.7669, 0.2643
5.7774, 0.2637
5.7774, 0.2631
5.7774, 0.2624
5.7774, 0.2618
5.7881, 0.261
5.7881, 0.2605
5.7881, 0.2599
5.7881, 0.2591
5.7881, 0.2586
5.7881, 0.2579
5.7881, 0.2572
5.7881, 0.2566
5.7987, 0.256
5.7987, 0.2554
5.7987, 0.2547
5.8093, 0.2541
5.8093, 0.2534
5.8093, 0.2528
5.8199, 0.2522
5.8199, 0.2515
5.8199, 0.2509
5.8305, 0.2502
5.8305, 0.2496
5.8305, 0.2489
5.8305, 0.2483
5.8412, 0.2477
5.8412, 0.2469
5.8412, 0.2464
5.8412, 0.2457
5.8519, 0.2451
5.8519, 0.2445
5.8519, 0.2438
5.8519, 0.2432
5.8519, 0.2425
5.8626, 0.2419
5.8626, 0.2412
5.8626, 0.2406
5.8733, 0.24
5.8841, 0.2393
5.8841, 0.2387
5.8841, 0.238
5.8841, 0.2374
5.8948, 0.2368
5.8948, 0.2361
5.8948, 0.2355
5.9056, 0.2348
5.9163, 0.2342
5.9163, 0.2336
5.9163, 0.2328
5.9163, 0.2323
5.9272, 0.2316
5.9381, 0.231
5.9381, 0.2303
5.9381, 0.2297
5.9489, 0.2291
5.9489, 0.2284
5.9489, 0.2278
5.9489, 0.2271
5.9598, 0.2265
5.9598, 0.2259
5.9598, 0.2252
5.9707, 0.2246
5.9707, 0.2239
5.9707, 0.2233
5.9817, 0.2226
5.9817, 0.222
5.9926, 0.222
5.9926, 0.2214
5.9926, 0.2207
5.9926, 0.2201
5.9926, 0.2194
5.9926, 0.2187
6.0036, 0.2182
6.0036, 0.2175
6.0146, 0.2175
6.0146, 0.2169
6.0146, 0.2162
6.0146, 0.2156
6.0146, 0.2149
6.0256, 0.2143
6.0256, 0.2137
6.0256, 0.213
6.0256, 0.2124
6.0366, 0.2117
6.0366, 0.2111
6.0366, 0.2105
6.0366, 0.2098
6.0476, 0.2092
6.0476, 0.2085
6.0476, 0.2079
6.0476, 0.2072
6.0476, 0.2066
6.0587, 0.206
6.0587, 0.2053
6.0587, 0.2046
6.0587, 0.204
6.0698, 0.2034
6.0698, 0.2028
6.0698, 0.2021
6.0698, 0.2015
6.0698, 0.2008
6.0809, 0.2002
6.0809, 0.1996
6.0809, 0.1989
6.0809, 0.1983
6.0809, 0.1976
6.092, 0.197
6.092, 0.1963
6.092, 0.1957
6.092, 0.1951
6.092, 0.1944
6.092, 0.1938
6.1032, 0.1931
6.1032, 0.1925
6.1032, 0.1919
6.1143, 0.1912
6.1143, 0.1905
6.1143, 0.1899
6.1143, 0.1893
6.1143, 0.1886
6.1255, 0.188
6.1255, 0.1874
6.1255, 0.1867
6.1255, 0.1861
6.1255, 0.1854
6.1367, 0.1848
6.1367, 0.1842
6.1367, 0.1835
6.1367, 0.1829
6.1367, 0.1822
6.1479, 0.1816
6.1479, 0.1809
6.1479, 0.1803
6.1479, 0.1797
6.1592, 0.179
6.1592, 0.1784
6.1592, 0.1777
6.1592, 0.1771
6.1592, 0.1764
6.1705, 0.1758
6.1705, 0.1752
6.1705, 0.1745
6.1705, 0.1739
6.1817, 0.1732
6.1817, 0.1726
6.1817, 0.172
6.1817, 0.1713
6.1817, 0.1707
6.1817, 0.17
6.1931, 0.1694
6.1931, 0.1688
6.1931, 0.1681
6.1931, 0.1675
6.2044, 0.1668
6.2044, 0.1662
6.2044, 0.1656
6.2044, 0.1649
6.2157, 0.1643
6.2157, 0.1636
6.2271, 0.1636
6.2271, 0.163
6.2271, 0.1623
6.2271, 0.1617
6.2271, 0.1611
6.2271, 0.1604
6.2385, 0.1598
6.2385, 0.1591
6.2385, 0.1585
6.2385, 0.1579
6.2499, 0.1572
6.2499, 0.1566
6.2499, 0.1559
6.2612, 0.1553
6.2612, 0.1546
6.2728, 0.1546
6.2728, 0.154
6.2728, 0.1534
6.2728, 0.1527
6.2843, 0.1521
6.2843, 0.1514
6.2843, 0.1508
6.2843, 0.1502
6.2843, 0.1495
6.2958, 0.1489
6.2958, 0.1482
6.2958, 0.1476
6.3073, 0.1469
6.3073, 0.1463
6.3073, 0.1457
6.3188, 0.145
6.3188, 0.1444
6.3188, 0.1437
6.3304, 0.1431
6.3304, 0.1425
6.3304, 0.1418
6.342, 0.1412
6.342, 0.1405
6.342, 0.1399
6.342, 0.1392
6.3536, 0.1386
6.3536, 0.138
6.3536, 0.1373
6.3652, 0.1367
6.3652, 0.136
6.3652, 0.1354
6.3769, 0.1348
6.3769, 0.1341
6.3769, 0.1335
6.3885, 0.1328
6.3885, 0.1322
6.4002, 0.1322
6.4002, 0.1315
6.4002, 0.1309
6.4002, 0.1303
6.4119, 0.1296
6.4119, 0.129
6.4119, 0.1283
6.4119, 0.1277
6.4236, 0.1271
6.4236, 0.1264
6.4236, 0.1258
6.4236, 0.1251
6.4236, 0.1245
6.4354, 0.1239
6.4354, 0.1232
6.4472, 0.1232
6.4472, 0.1226
6.4472, 0.1219
6.4472, 0.1213
6.4472, 0.1206
6.459, 0.12
6.459, 0.1194
6.459, 0.1187
6.459, 0.1181
6.459, 0.1174
6.4708, 0.1168
6.4708, 0.1162
6.4708, 0.1155
6.4708, 0.1149
6.4826, 0.1142
6.4826, 0.1136
6.4826, 0.1129
6.4826, 0.1123
6.4945, 0.1117
6.4945, 0.111
6.4945, 0.1104
6.4945, 0.1097
6.5064, 0.1091
6.5064, 0.1085
6.5064, 0.1078
6.5183, 0.1072
6.5183, 0.1065
6.5183, 0.1059
6.5183, 0.1052
6.5302, 0.1046
6.5302, 0.104
6.5302, 0.1033
6.5302, 0.1027
6.5302, 0.102
6.5302, 0.1014
6.5421, 0.1008
6.5421, 0.1001
6.5421, 0.0995
6.5541, 0.0988
6.5541, 0.0982
6.5541, 0.0975
6.5541, 0.0969
6.5541, 0.0963
6.5541, 0.0956
6.5661, 0.095
6.5661, 0.0943
6.5661, 0.0937
6.5781, 0.0931
6.5781, 0.0924
6.5781, 0.0918
6.5781, 0.0911
6.5781, 0.0905
6.5781, 0.0899
6.5901, 0.0892
6.5901, 0.0886
6.5901, 0.0879
6.6021, 0.0873
6.6021, 0.0866
6.6021, 0.086
6.6021, 0.0854
6.6021, 0.0847
6.6143, 0.0841
6.6143, 0.0834
6.6143, 0.0828
6.6143, 0.0822
6.6143, 0.0815
6.6263, 0.0809
6.6263, 0.0802
6.6263, 0.0796
6.6263, 0.0789
6.6385, 0.0783
6.6385, 0.0777
6.6385, 0.077
6.6385, 0.0764
6.6385, 0.0757
6.6507, 0.0751
6.6507, 0.0745
6.6507, 0.0738
6.6507, 0.0732
6.6507, 0.0725
6.6507, 0.0719
6.6627, 0.0712
6.6627, 0.0706
6.6627, 0.07
6.675, 0.0693
6.675, 0.0687
6.675, 0.068
6.675, 0.0674
6.675, 0.0668
6.6872, 0.0661
6.6872, 0.0655
6.6872, 0.0648
6.6872, 0.0642
6.6872, 0.0636
6.6872, 0.0629
6.6995, 0.0623
6.6995, 0.0616
6.6995, 0.061
6.7117, 0.0603
6.7117, 0.0597
6.7117, 0.0591
6.7117, 0.0584
6.7117, 0.0578
6.724, 0.0571
6.724, 0.0565
6.724, 0.0559
6.724, 0.0552
6.7363, 0.0546
6.7363, 0.0539
6.7363, 0.0533
6.7363, 0.0526
6.7363, 0.052
6.7486, 0.0514
6.7486, 0.0507
6.7486, 0.0501
6.7486, 0.0493
6.761, 0.0488
6.761, 0.0482
6.761, 0.0475
6.761, 0.0469
6.7732, 0.0462
6.7732, 0.0456
6.7732, 0.0449
6.7732, 0.0443
6.7856, 0.0437
6.7856, 0.043
6.7856, 0.0424
6.7856, 0.0417
6.7981, 0.0411
6.7981, 0.0405
6.7981, 0.0398
6.7981, 0.0392
6.8106, 0.0385
6.8106, 0.0379
6.8106, 0.0372
6.8106, 0.0366
6.8106, 0.036
6.823, 0.0352
6.823, 0.0347
6.8355, 0.0347
6.8355, 0.034
6.8355, 0.0334
6.8355, 0.0328
6.8355, 0.0321
6.8355, 0.0315
6.8479, 0.0308
6.8479, 0.0302
6.8479, 0.0296
6.8606, 0.0289
6.8606, 0.0283
6.8606, 0.0276
6.8731, 0.027
6.8857, 0.0263
6.8857, 0.0257
6.8857, 0.0251
6.8857, 0.0244
6.8982, 0.0238
6.9109, 0.0231
6.9109, 0.0225
6.9235, 0.0219
6.9235, 0.0212
6.9362, 0.0206
6.9362, 0.0199
6.9489, 0.0193
6.9489, 0.0186
6.9489, 0.018
6.9616, 0.0174
6.9616, 0.0167
6.9743, 0.0161
6.987, 0.0161
6.987, 0.0154
6.9999, 0.0154
6.9999, 0.0148
6.9999, 0.0142
7.0127, 0.0135
7.0255, 0.0135
7.0255, 0.0129
7.0384, 0.0129
7.0513, 0.0122
7.0642, 0.0116
7.0771, 0.0109
7.09, 0.0103
7.103, 9.66e-3
7.116, 9.0183e-3
7.129, 8.3765e-3
7.1421, 7.7348e-3
7.1551, 7.0931e-3
7.1682, 6.4513e-3
7.1813, 6.451e-3
7.1945, 5.8093e-3
7.2076, 5.809e-3
7.2208, 5.1673e-3
7.234, 4.5255e-3
7.2473, 4.5252e-3
7.2605, 3.8835e-3
7.2738, 3.8832e-3
7.2871, 3.2415e-3
7.3004, 3.2412e-3
7.3138, 3.2409e-3
7.3272, 2.5992e-3
7.3406, 2.5989e-3
7.354, 1.9571e-3
7.3675, 1.9568e-3
7.381, 1.9565e-3
7.3945, 1.9562e-3
7.408, 1.3145e-3
7.4215, 1.3142e-3
7.4351, 6.7247e-4
7.4487, 3.0736e-5
7.4623, 3.0439e-5
7.476, -6.113e-4
7.4897, -6.1159e-4
7.5034, 2.9548e-5
7.5171, 2.9251e-5
7.5171, 6.7069e-4
7.5309, 6.7039e-4
7.5446, 6.7009e-4
7.5584, 6.698e-4
7.5723, 6.695e-4
7.5861, 6.692e-4
7.6, 6.6891e-4
7.6139, 6.6861e-4
7.6278, 6.6831e-4
7.6418, 6.6801e-4
7.6558, 6.6772e-4
7.6698, 6.6742e-4
7.6838, 6.6712e-4
7.6979, 6.6683e-4
7.7119, 6.6653e-4
7.7261, 6.6623e-4
7.7402, 6.6594e-4
7.7544, 6.6564e-4
7.7685, 6.6534e-4
7.7828, 6.6505e-4
7.797, 6.6475e-4
7.8113, 6.6445e-4
7.8255, 6.6415e-4
7.8399, 6.6386e-4
7.8542, 6.6356e-4
7.8686, 6.6326e-4
7.883, 6.6297e-4
7.8974, 6.6267e-4
7.9118, 6.6237e-4
7.9263, 6.6208e-4
7.9407, 6.6178e-4
7.9553, 6.6148e-4
7.9699, 6.6118e-4
7.9845, 6.6089e-4
7.999, 6.6059e-4
8.0137, 6.6029e-4
8.0284, 6.6e-4
8.0431, 6.597e-4
8.0578, 6.594e-4
8.0725, 6.5911e-4
8.0873, 6.5881e-4
8.1021, 6.5851e-4
8.1169, 6.5822e-4
8.1318, 6.5792e-4
8.1466, 6.5762e-4
8.1616, 6.5732e-4
8.1764, 6.5703e-4
8.1914, 6.5673e-4
8.2064, 6.5643e-4
8.2214, 6.5614e-4
8.2365, 1.4403e-5
8.2516, 1.4106e-5
8.2667, 1.3809e-5
8.2818, 1.3512e-5
8.2969, 1.3215e-5
8.3121, 1.2918e-5
8.3273, 1.2621e-5
8.3425, 1.2324e-5
8.3578, 1.2027e-5
8.3731, 1.173e-5
8.3884, 1.1433e-5
8.4038, 1.1136e-5
8.4191, 1.0839e-5
8.4344, 1.0542e-5
8.45, 1.0245e-5
8.4654, 9.9482e-6
8.4809, 9.6512e-6
8.4964, 9.3543e-6
8.512, 9.0573e-6
8.5276, 8.7604e-6
8.5432, 8.4634e-6
8.5588, 8.1664e-6
8.5744, 7.8695e-6
8.5901, 7.5725e-6
8.6058, 7.2756e-6
8.6216, 6.9786e-6
8.6374, 6.6816e-6
8.6532, 6.3847e-6
8.669, 6.0877e-6
8.6848, 5.7907e-6
8.7008, 5.4938e-6
8.7167, 5.1968e-6
8.7326, 4.8999e-6
8.7486, 4.6029e-6
8.7646, 4.3059e-6
8.7806, 4.009e-6
8.7967, 3.712e-6
8.8128, 3.4151e-6
8.8289, 3.1181e-6
8.8451, 2.8211e-6
8.8612, 2.5242e-6
8.8775, 2.2272e-6
8.8937, 1.9302e-6
8.91, 1.6333e-6
8.9263, 1.3363e-6
8.9426, 1.0394e-6
8.959, 7.424e-7
8.9754, 4.4544e-7
8.9918, 1.4848e-7
